# logA n_s theta_s_100 omega_b omega_cdm w0_int wa_int tau_reio A_planck calib_100T calib_217T A_cib_217 xi_sz_cib A_sz ksz_norm gal545_A_100 gal545_A_143 gal545_A_143_217 gal545_A_217 ps_A_100_100 ps_A_143_143 ps_A_143_217 ps_A_217_217 galf_TE_A_100 galf_TE_A_100_143 galf_TE_A_100_217 galf_TE_A_143 galf_TE_A_143_217 galf_TE_A_217
1.563617263144567011e-04 8.097683141761769055e-06 1.288552198513517284e-07 2.619264193372769757e-07 -3.306162633216376765e-06 -8.900812807293643743e-05 3.922439675991399905e-04 8.039546723061620839e-05 1.813795193258556313e-06 6.654919087413065312e-08 -2.235374913994583088e-07 -5.420080940708616336e-04 3.296241766418158802e-05 4.489059206002993469e-05 -4.208242068330637323e-04 -1.757250624343467303e-04 -2.140185876310101050e-04 -4.105508480509035673e-04 -2.354614102412820945e-04 8.875147924373259908e-04 -3.702853383586477559e-03 -2.741048667465666340e-03 -1.851224541929349758e-03 -3.174495957775663542e-06 -8.767626646704927094e-06 9.303403545317508807e-06 -1.830090407793144640e-05 1.441159537612489455e-06 -4.968012430602759426e-05
8.097683141761769055e-06 1.489805095969463670e-05 1.556585650683672202e-07 1.845093591911931834e-07 -2.413802609116567102e-06 -5.338642323035227416e-05 3.727183694752865387e-04 7.488560101130475869e-06 1.664251311565571609e-07 -4.927629793288127439e-08 -9.125309687088267604e-08 -4.417977961168018455e-03 9.512679938532975091e-05 9.600500683583111433e-04 -2.088400230093618876e-03 3.034266619486903922e-04 -4.320008101334350380e-04 -3.817344560821805954e-04 1.131180171299722963e-03 -2.494336189653613770e-02 -6.879182331863429277e-03 1.213042500045324922e-03 4.709191399889605528e-03 -1.762357420388029364e-06 5.470945227437318294e-07 3.277694755973452940e-07 -3.074407738833876474e-06 -1.763918526733313727e-06 -2.445414552606382856e-05
1.288552198513517284e-07 1.556585650683672202e-07 7.975195945304451388e-08 5.918906409404849048e-09 -2.474598724014254698e-08 -1.669298391343402654e-06 1.172216091995555352e-05 6.460188173091328340e-08 -7.189261333844718093e-09 5.111593778173159841e-10 -3.588079973541762236e-10 1.595797749150092567e-06 6.956195071888668434e-07 -1.278250454201384367e-06 9.724110308809338617e-06 -1.990901993343711355e-06 -2.017943793408865051e-06 4.287705913702375180e-06 7.039050590804681928e-06 2.447755302933759497e-05 5.074427773824393702e-05 1.978119487794528577e-05 -2.213545779518292733e-05 -2.647287120286964193e-07 1.215633436831065698e-07 -2.100480328060798435e-07 1.415292890918727792e-07 -2.705499001479362152e-07 -1.028962467330582056e-06
2.619264193372769757e-07 1.845093591911931834e-07 5.918906409404849048e-09 1.962846183406106798e-08 -6.605284716520976963e-08 -1.588870662235818239e-06 1.147273485572297246e-05 1.574525970737007811e-07 1.080912692016814081e-08 3.544771027219928048e-09 -2.246680598836870451e-09 -7.392543426239821171e-05 1.679567140390318075e-06 1.529987857658709298e-05 -3.144237738801164373e-05 -2.920771056955568454e-06 -1.131678742175715662e-05 -1.684330355163577363e-05 -4.700846713076977823e-06 -2.723152632792728107e-04 -1.867744032605600740e-04 -5.418490480779456728e-05 1.290761795881512777e-05 -2.030200485736294090e-08 1.452724370665059159e-08 9.255278264470426335e-08 -1.999789874864193367e-07 -5.444513588045808050e-07 -2.299330595797126902e-06
-3.306162633216376765e-06 -2.413802609116567102e-06 -2.474598724014254698e-08 -6.605284716520976963e-08 9.673396978568362331e-07 2.088059656167916896e-05 -1.444994723925757132e-04 -2.519832314041278148e-06 -2.576777612421387075e-07 -1.250237974255910458e-08 1.762751314544549085e-08 3.235346416027135540e-04 -9.860947412985652789e-06 -9.071297876045395924e-05 1.091499355876822050e-04 -1.751711421928809240e-05 4.324358716250489544e-05 7.423419111283759933e-05 2.321575064011700005e-05 1.565219665658282690e-03 7.690364973018289085e-04 6.550129604779833168e-05 -2.150070620787091131e-04 1.423602327130417980e-08 -4.076386601408186706e-07 -7.973320254254140330e-07 5.367652450978848392e-07 1.116073981547215421e-06 7.236510959676471564e-06
-8.900812807293643743e-05 -5.338642323035227416e-05 -1.669298391343402654e-06 -1.588870662235818239e-06 2.088059656167916896e-05 3.301891657522271813e-03 -1.204910717969324106e-02 -6.261074131766382897e-05 -5.449882418603941768e-06 -2.630269226129931630e-08 8.443782736183766976e-07 1.272402995151139873e-02 -2.481091143916358587e-04 -7.018319691630235798e-04 -7.049665804611437905e-04 -8.424773135259599728e-04 1.959914338690029953e-04 4.066589300088421896e-04 -4.017487395764334640e-03 3.843593821599955440e-02 1.572636988782629211e-02 5.936291693273101910e-03 -5.850323329444856967e-03 3.367896558791210918e-05 -2.742881018816067641e-07 4.104263028140117165e-05 8.734241140927089317e-06 3.698454232181368803e-05 2.001090438779512309e-04
3.922439675991399905e-04 3.727183694752865387e-04 1.172216091995555352e-05 1.147273485572297246e-05 -1.444994723925757132e-04 -1.204910717969324106e-02 5.403714606942831150e-02 3.311947857263268708e-04 2.791653034811498118e-05 9.391248705150134409e-07 -4.079825573097300164e-06 -7.240033730258599309e-02 1.547329238958203984e-03 1.231746083944548070e-02 -8.348527906818583449e-03 2.418018571550754718e-03 -4.582575002982762664e-03 -4.476018149926687395e-03 1.507526536002500549e-02 -2.740395955570048558e-01 -1.206529969071017672e-01 -2.554798831289672306e-02 3.656452980440607486e-02 -9.959837469867202360e-05 5.847816683573078226e-05 1.168132841187023923e-05 -9.392924179839181665e-05 -3.294760385346186802e-04 -1.116068123404762328e-03
8.039546723061620839e-05 7.488560101130475869e-06 6.460188173091328340e-08 1.574525970737007811e-07 -2.519832314041278148e-06 -6.261074131766382897e-05 3.311947857263268708e-04 4.768157796980011852e-05 -3.730794588135855811e-06 -2.014522399320946392e-08 -1.229768457079335906e-07 -7.401307902247065019e-04 3.163821915521000222e-05 1.435979642498928506e-04 -1.704333979738831772e-04 5.864603827549066056e-05 5.078274139683380719e-05 -1.436856891186509002e-04 -7.888480169713289443e-04 -3.862032222000842674e-03 -3.321267959987843268e-03 -1.896323260974046732e-03 -2.473003516556989984e-03 -1.802117981574402874e-06 -3.993030037996765652e-06 1.026849184282761035e-05 -8.652859443545097185e-06 1.558799232601359910e-06 -2.454492972850278742e-05
1.813795193258556313e-06 1.664251311565571609e-07 -7.189261333844718093e-09 1.080912692016814081e-08 -2.576777612421387075e-07 -5.449882418603941768e-06 2.791653034811498118e-05 -3.730794588135855811e-06 4.977183226388772346e-06 -7.855604154054245161e-09 -3.236825625909694495e-09 8.573809293955325737e-04 -2.253034034443736537e-05 2.704148602897807818e-05 1.300835227538015037e-04 3.384057081882337601e-05 7.560918947937205316e-05 1.310237924683646884e-04 7.345054762694944259e-04 3.511998711355274281e-03 4.995529078163558380e-04 -2.136838800417436277e-04 4.235224424965498878e-04 1.634440600707720614e-07 -1.927677989279767106e-08 -4.256710517916984502e-06 -1.325645771110651912e-06 1.031742665265369022e-07 -2.059871239721555951e-06
6.654919087413065312e-08 -4.927629793288127439e-08 5.111593778173159841e-10 3.544771027219928048e-09 -1.250237974255910458e-08 -2.630269226129931630e-08 9.391248705150130174e-07 -2.014522399320945730e-08 -7.855604154054245161e-09 3.763370001907572363e-07 7.509718085866729405e-10 -2.062626952283834600e-04 7.480540159165197136e-06 1.005846350303802884e-04 -8.193391155370258660e-05 1.825788946170008671e-04 -1.585380462679761369e-04 -3.623899916873020611e-06 8.295036617581602492e-05 3.651713019774720497e-03 8.295392627302891717e-05 4.660898490601992532e-04 4.755866965848028162e-04 2.171145897625382248e-09 -1.148547859325684711e-07 3.391429736643427532e-07 -4.068801664273191961e-07 -4.447221218240821055e-07 2.374387789987863340e-06
-2.235374913994583088e-07 -9.125309687088267604e-08 -3.588079973541762236e-10 -2.246680598836870451e-09 1.762751314544549085e-08 8.443782736183766976e-07 -4.079825573097299317e-06 -1.229768457079335906e-07 -3.236825625909694495e-09 7.509718085866729405e-10 3.876612543367989489e-07 6.988072834261778920e-04 -2.216777639143960436e-06 -5.719661814853404060e-05 2.734933705328714806e-05 -3.019710034325640384e-06 -4.065411168190480020e-05 3.841068508544081953e-04 8.788643836823510072e-04 4.722595242104658266e-04 4.059242723041112376e-05 -4.504739779744810287e-04 -1.309715454211255988e-03 3.416720447766962491e-07 -1.707663850891107800e-07 -7.063491130073396270e-07 2.865097910855741626e-08 -6.277553020704767500e-07 -6.213656318200787095e-07
-5.420080940708615251e-04 -4.417977961168019323e-03 1.595797749150093626e-06 -7.392543426239821171e-05 3.235346416027135540e-04 1.272402995151139873e-02 -7.240033730258599309e-02 -7.401307902247065019e-04 8.573809293955325737e-04 -2.062626952283834600e-04 6.988072834261778920e-04 4.440990581494870781e+01 -3.624281338438086197e-01 -9.899919191569424015e-01 -1.402285413937253977e-01 2.179473835379916735e-01 5.469786275349951543e-01 -5.916882680305886488e+00 -3.352476417192397662e+01 3.575808405139895996e+01 2.284657726183581428e+00 -1.282346910815418184e+01 -5.495609003687583538e+01 3.370466507976837590e-03 -1.006690104441764020e-03 3.125808122791709411e-03 -3.651400432735743030e-03 -2.396251374801118932e-05 -2.314524815868618420e-03
3.296241766418160158e-05 9.512679938532975091e-05 6.956195071888674787e-07 1.679567140390318075e-06 -9.860947412985652789e-06 -2.481091143916359671e-04 1.547329238958204635e-03 3.163821915521000222e-05 -2.253034034443736537e-05 7.480540159165198830e-06 -2.216777639143960436e-06 -3.624281338438086197e-01 8.042079681078491415e-02 -3.306387058977922067e-02 4.595301950942200231e-02 -1.143784480687392441e-02 1.448484122490170493e-02 1.177155782662785560e-01 1.303402378572587061e-01 -5.243611838695275695e-01 8.910850840448852894e-01 1.678201458079498165e+00 5.816814032219231878e-01 -1.412212740905673392e-05 3.238178323272173547e-05 -2.918215637028317511e-04 -1.898086765916624395e-04 1.953657939751835568e-04 -8.251682881590866915e-04
4.489059206002974495e-05 9.600500683583111433e-04 -1.278250454201385425e-06 1.529987857658709636e-05 -9.071297876045395924e-05 -7.018319691630239051e-04 1.231746083944548070e-02 1.435979642498927422e-04 2.704148602897808495e-05 1.005846350303802884e-04 -5.719661814853403383e-05 -9.899919191569424015e-01 -3.306387058977922067e-02 3.709922404329184964e+00 -2.490619975293936417e+00 -1.680694583260964325e-01 1.788024828015641055e-01 2.611445277550751065e+00 3.293469787924570014e+00 -3.000874086619544912e+01 -3.355556502965611809e+00 7.335666133571749015e+00 5.202004415152661210e+00 1.044945737829771270e-03 7.047783176546522366e-04 2.649862371980639224e-03 -6.388864083935654609e-04 -4.698118459918902484e-04 -1.129572110270393032e-02
-4.208242068330640033e-04 -2.088400230093618876e-03 9.724110308809331841e-06 -3.144237738801164373e-05 1.091499355876822050e-04 -7.049665804611448747e-04 -8.348527906818586919e-03 -1.704333979738830416e-04 1.300835227538015308e-04 -8.193391155370257305e-05 2.734933705328714806e-05 -1.402285413937253700e-01 4.595301950942200231e-02 -2.490619975293936417e+00 5.454892992981509536e+00 3.383481125454795846e-02 -1.931853902763458475e-01 -1.956224252289538779e+00 -2.161910827370473243e+00 1.196275049178282579e+01 -4.588592245725588548e+00 -1.093367647615988503e+01 -8.643145478802987114e+00 -1.682294922245548786e-03 -4.796854085596861765e-04 -3.196800883209262312e-03 8.500088678737678302e-04 2.971589613224956232e-04 6.590969491617292356e-03
-1.757250624343467574e-04 3.034266619486903379e-04 -1.990901993343712203e-06 -2.920771056955568454e-06 -1.751711421928809579e-05 -8.424773135259601897e-04 2.418018571550756019e-03 5.864603827549068088e-05 3.384057081882336924e-05 1.825788946170008671e-04 -3.019710034325642925e-06 2.179473835379916735e-01 -1.143784480687392441e-02 -1.680694583260964325e-01 3.383481125454796540e-02 3.329302872875867791e+00 6.049169469830267820e-01 2.365826016132054621e-01 1.863738029992846879e-01 -6.270332541768727452e+00 -3.607063662809109061e-01 -8.347545902671078544e-01 -5.744952159003952064e-01 -1.831925135155332274e-04 5.670573700245909801e-04 -1.769236378467025730e-05 4.913792006401057795e-04 -1.225821901540076518e-03 -2.689075685706497198e-03
-2.140185876310100508e-04 -4.320008101334350380e-04 -2.017943793408864627e-06 -1.131678742175715662e-05 4.324358716250488867e-05 1.959914338690025616e-04 -4.582575002982763532e-03 5.078274139683381397e-05 7.560918947937205316e-05 -1.585380462679761369e-04 -4.065411168190480020e-05 5.469786275349950433e-01 1.448484122490169973e-02 1.788024828015641332e-01 -1.931853902763458475e-01 6.049169469830267820e-01 3.133563456139219827e+00 2.750567375794090275e+00 2.795658646525749802e+00 5.126453038338107504e+00 -1.300946967834979873e+00 -6.069698361474775705e-01 -1.301045815128623273e+00 1.088026222238749939e-03 -9.516517701957861357e-04 -1.433505493715413019e-03 -1.309062201835145762e-03 6.406464809897993457e-04 1.065588722585872556e-03
-4.105508480509035673e-04 -3.817344560821805954e-04 4.287705913702370945e-06 -1.684330355163577363e-05 7.423419111283759933e-05 4.066589300088424065e-04 -4.476018149926687395e-03 -1.436856891186509273e-04 1.310237924683646884e-04 -3.623899916873011717e-06 3.841068508544081953e-04 -5.916882680305886488e+00 1.177155782662785560e-01 2.611445277550751065e+00 -1.956224252289539445e+00 2.365826016132054621e-01 2.750567375794090275e+00 1.078510791345865272e+01 1.918812003629870233e+01 -1.320884858450693677e+01 2.858775089270985781e+00 4.705138959804062715e+00 5.342660490635955384e+00 4.610607941592528793e-05 -5.993541415579611755e-04 -2.813117805877387353e-03 -5.961926338055762462e-05 1.112228780862174797e-04 9.498555793424724031e-03
-2.354614102412819589e-04 1.131180171299722963e-03 7.039050590804681081e-06 -4.700846713076977823e-06 2.321575064011700005e-05 -4.017487395764336375e-03 1.507526536002500896e-02 -7.888480169713289443e-04 7.345054762694944259e-04 8.295036617581602492e-05 8.788643836823510072e-04 -3.352476417192397662e+01 1.303402378572587339e-01 3.293469787924569570e+00 -2.161910827370473243e+00 1.863738029992846879e-01 2.795658646525749802e+00 1.918812003629870233e+01 5.347485700890600668e+01 -2.588796625862126533e+01 2.888490272892076938e+00 7.526217804215765916e+00 3.346264074024701785e+01 -2.905576365868284012e-03 -1.688383806753554700e-03 -7.579578118460893882e-03 3.290773969556376466e-03 -1.030769693961073024e-03 2.558897494125613944e-02
8.875147924373252319e-04 -2.494336189653613770e-02 2.447755302933759497e-05 -2.723152632792728107e-04 1.565219665658282690e-03 3.843593821599954746e-02 -2.740395955570048558e-01 -3.862032222000842674e-03 3.511998711355274281e-03 3.651713019774720497e-03 4.722595242104658266e-04 3.575808405139895996e+01 -5.243611838695276806e-01 -3.000874086619544912e+01 1.196275049178282757e+01 -6.270332541768727452e+00 5.126453038338107504e+00 -1.320884858450693677e+01 -2.588796625862126533e+01 7.723013142162906206e+02 7.057755682446165224e+01 -5.108684867159414722e+01 -5.760344834301709227e+01 -7.487688393004997625e-03 -1.645514891587320297e-02 2.390831411770604105e-03 4.465174998446022397e-04 1.909752151144690144e-02 1.984319751762772532e-01
-3.702853383586477559e-03 -6.879182331863429277e-03 5.074427773824395735e-05 -1.867744032605601011e-04 7.690364973018289085e-04 1.572636988782629558e-02 -1.206529969071017810e-01 -3.321267959987843701e-03 4.995529078163558380e-04 8.295392627302891717e-05 4.059242723041112376e-05 2.284657726183581428e+00 8.910850840448852894e-01 -3.355556502965611809e+00 -4.588592245725587659e+00 -3.607063662809109061e-01 -1.300946967834979873e+00 2.858775089270986225e+00 2.888490272892076938e+00 7.057755682446165224e+01 5.982832462603735735e+01 3.876039132073193372e+01 1.358170466067814353e+01 -1.920911904392876045e-04 8.825509453270585607e-04 -2.292784948537292082e-03 -1.100183972143432072e-04 1.022740780213883885e-02 3.206064617030237457e-02
-2.741048667465666340e-03 1.213042500045324922e-03 1.978119487794529255e-05 -5.418490480779456728e-05 6.550129604779829102e-05 5.936291693273101910e-03 -2.554798831289671612e-02 -1.896323260974046732e-03 -2.136838800417436548e-04 4.660898490601992532e-04 -4.504739779744810287e-04 -1.282346910815418184e+01 1.678201458079497943e+00 7.335666133571749015e+00 -1.093367647615988503e+01 -8.347545902671080764e-01 -6.069698361474775705e-01 4.705138959804062715e+00 7.526217804215765916e+00 -5.108684867159414722e+01 3.876039132073193372e+01 8.322235767202370482e+01 5.129834940984649450e+01 6.311277163539813322e-03 4.216709658948960410e-03 2.563595048341569572e-03 -2.157758315541845329e-03 9.186728234464820730e-03 -1.441913551251450265e-02
-1.851224541929350192e-03 4.709191399889605528e-03 -2.213545779518292733e-05 1.290761795881512777e-05 -2.150070620787091131e-04 -5.850323329444857834e-03 3.656452980440608874e-02 -2.473003516556990418e-03 4.235224424965498878e-04 4.755866965848028162e-04 -1.309715454211255988e-03 -5.495609003687583538e+01 5.816814032219231878e-01 5.202004415152659433e+00 -8.643145478802988890e+00 -5.744952159003953174e-01 -1.301045815128623273e+00 5.342660490635955384e+00 3.346264074024701785e+01 -5.760344834301709227e+01 1.358170466067814353e+01 5.129834940984649450e+01 1.027885813786748486e+02 2.674972315487708727e-03 5.819406217911401655e-03 2.081638594079163705e-03 6.614625050201201548e-03 6.505213303267397447e-03 7.197813861247180298e-03
-3.174495957775663542e-06 -1.762357420388028941e-06 -2.647287120286963664e-07 -2.030200485736293098e-08 1.423602327130396970e-08 3.367896558791212274e-05 -9.959837469867201005e-05 -1.802117981574402239e-06 1.634440600707720614e-07 2.171145897625321036e-09 3.416720447766963550e-07 3.370466507976835856e-03 -1.412212740905678474e-05 1.044945737829771053e-03 -1.682294922245548786e-03 -1.831925135155329835e-04 1.088026222238750156e-03 4.610607941592509819e-05 -2.905576365868284879e-03 -7.487688393004993288e-03 -1.920911904392872251e-04 6.311277163539815056e-03 2.674972315487707860e-03 1.474160945733843636e-03 2.852413453364801036e-04 6.615479133879510081e-05 -3.602028597793779604e-04 -8.225155214462306853e-05 1.187650921962168937e-05
-8.767626646704927094e-06 5.470945227437323588e-07 1.215633436831065698e-07 1.452724370665060814e-08 -4.076386601408186706e-07 -2.742881018816058112e-07 5.847816683573078226e-05 -3.993030037996764805e-06 -1.927677989279762804e-08 -1.148547859325684843e-07 -1.707663850891109123e-07 -1.006690104441763803e-03 3.238178323272170836e-05 7.047783176546522366e-04 -4.796854085596862307e-04 5.670573700245908717e-04 -9.516517701957861357e-04 -5.993541415579606334e-04 -1.688383806753555351e-03 -1.645514891587320644e-02 8.825509453270581270e-04 4.216709658948961277e-03 5.819406217911401655e-03 2.852413453364801036e-04 8.779412033096140738e-04 1.971017785531430048e-05 7.367530687798829782e-04 5.872749249172862761e-05 -7.071266949882110565e-04
9.303403545317517277e-06 3.277694755973438116e-07 -2.100480328060799229e-07 9.255278264470421041e-08 -7.973320254254143506e-07 4.104263028140118521e-05 1.168132841187027819e-05 1.026849184282761204e-05 -4.256710517916984502e-06 3.391429736643426473e-07 -7.063491130073399447e-07 3.125808122791710279e-03 -2.918215637028318053e-04 2.649862371980639224e-03 -3.196800883209262745e-03 -1.769236378467100947e-05 -1.433505493715413453e-03 -2.813117805877386485e-03 -7.579578118460893014e-03 2.390831411770604972e-03 -2.292784948537292516e-03 2.563595048341570440e-03 2.081638594079165440e-03 6.615479133879510081e-05 1.971017785531429032e-05 7.265794829207664236e-03 -2.645566615760680637e-04 6.706919279607584253e-04 4.532215689474647542e-03
-1.830090407793144640e-05 -3.074407738833876474e-06 1.415292890918727792e-07 -1.999789874864193102e-07 5.367652450978848392e-07 8.734241140927065600e-06 -9.392924179839181665e-05 -8.652859443545097185e-06 -1.325645771110651700e-06 -4.068801664273191961e-07 2.865097910855736993e-08 -3.651400432735743030e-03 -1.898086765916623853e-04 -6.388864083935652440e-04 8.500088678737675050e-04 4.913792006401057795e-04 -1.309062201835146412e-03 -5.961926338055712317e-05 3.290773969556375599e-03 4.465174998446037576e-04 -1.100183972143447251e-04 -2.157758315541844895e-03 6.614625050201202415e-03 -3.602028597793779604e-04 7.367530687798829782e-04 -2.645566615760680637e-04 2.892989935053555742e-03 4.820297831739691740e-04 -1.295559068846655537e-03
1.441159537612488608e-06 -1.763918526733313727e-06 -2.705499001479360564e-07 -5.444513588045808050e-07 1.116073981547215633e-06 3.698454232181368125e-05 -3.294760385346185718e-04 1.558799232601360334e-06 1.031742665265366640e-07 -4.447221218240822114e-07 -6.277553020704767500e-07 -2.396251374801269704e-05 1.953657939751835839e-04 -4.698118459918900315e-04 2.971589613224937258e-04 -1.225821901540076952e-03 6.406464809897985868e-04 1.112228780862179812e-04 -1.030769693961073675e-03 1.909752151144690144e-02 1.022740780213883885e-02 9.186728234464820730e-03 6.505213303267395712e-03 -8.225155214462308208e-05 5.872749249172861405e-05 6.706919279607583169e-04 4.820297831739691740e-04 6.386673132516907866e-03 7.875904517942899918e-03
-4.968012430602759426e-05 -2.445414552606383195e-05 -1.028962467330582268e-06 -2.299330595797126902e-06 7.236510959676470717e-06 2.001090438779512851e-04 -1.116068123404762328e-03 -2.454492972850279081e-05 -2.059871239721554680e-06 2.374387789987863340e-06 -6.213656318200787095e-07 -2.314524815868615384e-03 -8.251682881590866915e-04 -1.129572110270393205e-02 6.590969491617292356e-03 -2.689075685706497198e-03 1.065588722585874507e-03 9.498555793424718827e-03 2.558897494125613944e-02 1.984319751762772532e-01 3.206064617030238151e-02 -1.441913551251450439e-02 7.197813861247187237e-03 1.187650921962166396e-05 -7.071266949882110565e-04 4.532215689474647542e-03 -1.295559068846655537e-03 7.875904517942899918e-03 7.296159198928474365e-02
