# logA n_s theta_s_100 omega_b omega_cdm w0_fld wa_fld tau_reio A_planck calib_100T calib_217T A_cib_217 xi_sz_cib A_sz ksz_norm gal545_A_100 gal545_A_143 gal545_A_143_217 gal545_A_217 ps_A_100_100 ps_A_143_143 ps_A_143_217 ps_A_217_217 galf_TE_A_100 galf_TE_A_100_143 galf_TE_A_100_217 galf_TE_A_143 galf_TE_A_143_217 galf_TE_A_217
1.625512839586503583e-04 1.209145159566201050e-05 3.853665975778874933e-07 4.585910792450240021e-07 -4.687137836360825884e-06 -1.500419380416011912e-04 9.299611232493730376e-04 8.338840972158991633e-05 3.132219602237663480e-06 -7.295273136162910500e-08 -8.213420760155844084e-08 -1.337606762082215774e-03 3.224776331754586746e-05 6.208006410695730967e-04 -7.493881405516521601e-04 1.231757534473711428e-04 1.807937918093053804e-04 4.295111621687089506e-04 1.181209249435004457e-03 -1.086719170895719157e-02 -5.180401717982367413e-03 -2.049199919388352588e-03 5.081902187472052976e-05 -3.470744091900220296e-06 -3.709202650889160632e-07 -6.153576163392782598e-06 7.317623242738031100e-06 -9.145363714947680805e-06 -2.888229389377851750e-05
1.209145159566201050e-05 1.259957535804245521e-05 1.156822076776205870e-07 1.337830744189814110e-07 -1.727106371921522589e-06 -3.484604521610151128e-05 2.556121301417955656e-04 8.119385120654946998e-06 5.909512925206412510e-07 -6.255799984170655899e-08 -4.967939107671501957e-08 -4.390924623934765875e-03 1.030700510518542325e-04 7.268737653682690383e-04 -1.914562777497353036e-03 3.269103174849450981e-04 -3.372575528872019364e-04 -2.440503925253337118e-04 1.624125589058205777e-03 -2.009907556142657634e-02 -5.347283912797976511e-03 1.825916263285552992e-03 5.082231687696820918e-03 1.374551922882077262e-06 1.090712401250562277e-06 -4.451319934232922782e-06 4.518078116450525618e-07 -4.769437698053517002e-06 -1.842391403096061602e-05
3.853665975778874933e-07 1.156822076776205870e-07 7.742938356491960892e-08 4.658968320143984903e-09 -1.114573157232135697e-08 -1.579749513302871693e-06 1.007199764112930350e-05 1.599818031070562390e-07 9.238171495730171247e-09 -9.966193239216983234e-10 2.033215696211757650e-09 -1.904755156081611117e-06 -2.414995405335687753e-07 -2.847592635598826591e-06 8.522551158308915885e-06 -4.262735731248118806e-06 2.995431268502074197e-06 6.929140008247962691e-06 2.423516268834518438e-05 1.252182531113666026e-04 2.582612143844587391e-05 1.414126209842464808e-05 2.731141288144570405e-05 5.210817252483059502e-08 7.996674074719549036e-08 -5.055881794764662781e-07 2.996350486731765610e-07 -1.063490724355337715e-07 -1.031504522072936191e-06
4.585910792450240021e-07 1.337830744189814110e-07 4.658968320143984903e-09 1.784894826757660939e-08 -4.318334954237195054e-08 -1.047694527985954494e-06 7.765007104781799257e-06 2.186265673345142291e-07 2.045582021239764431e-08 3.581742281023413396e-09 -3.990155729502806606e-11 -8.137244250456756754e-05 1.724588775209747820e-06 1.599716861460855568e-05 -2.784386603051378577e-05 3.909505424052682686e-06 -9.490196480888764713e-06 -6.396593300061535811e-06 2.786260466807905385e-05 -3.258606003916687550e-04 -1.818832912830766586e-04 -4.708687516075129139e-05 2.243862068299792937e-05 -5.979886602140085183e-08 -5.668027386491381243e-08 -7.381917756759590541e-08 -2.003817915149985302e-07 -4.261808980801892943e-07 -1.957536099089634802e-06
-4.687137836360825884e-06 -1.727106371921522589e-06 -1.114573157232135697e-08 -4.318334954237195054e-08 7.089513097316558259e-07 1.393531177177056349e-05 -9.895471631109584870e-05 -2.793832340889025283e-06 -3.655964214277512996e-07 -5.437918909560274176e-09 -2.160538687049605390e-09 2.211602264435768650e-04 -7.457025098401717356e-06 -3.116833347138063309e-05 7.549308219554460458e-05 -1.996314039975255239e-05 2.754114820419541261e-05 -2.021404963329895930e-05 -1.934320773844465076e-04 8.418883287732310252e-04 3.873726770853419803e-04 4.587230208584564065e-05 -1.575635866960818762e-04 3.456020846676648403e-07 -7.679083652149144109e-08 7.708337026966739946e-08 4.114668464701238908e-07 1.312362142512369616e-06 4.188294101817853382e-06
-1.500419380416011912e-04 -3.484604521610151128e-05 -1.579749513302871693e-06 -1.047694527985954494e-06 1.393531177177056349e-05 3.178718660948809654e-03 -1.118517533088906474e-02 -8.058706020455562110e-05 -9.789800248021003778e-06 1.749477208565183425e-07 4.778862826575055789e-08 3.963301335986393892e-03 -2.160889272251377297e-04 -4.685548041162647176e-04 5.865251969135239652e-04 -4.992215114514770864e-04 4.930136805119288623e-04 5.449955149143654275e-04 -1.107243921876314595e-03 2.154541160581066248e-02 7.372257921308118453e-03 -1.257074290045748872e-03 -5.993945776225658925e-03 2.167496124056392151e-05 -9.005535216212950285e-06 -1.084402680599716318e-05 -1.388833361869475109e-05 4.681791850335390324e-05 -2.058000080734036279e-05
9.299611232493730376e-04 2.556121301417955656e-04 1.007199764112930350e-05 7.765007104781799257e-06 -9.895471631109584870e-05 -1.118517533088906300e-02 4.808543528064770228e-02 5.071031910250036086e-04 6.511551851920247154e-05 -3.818457310578033485e-07 4.804812016000609973e-07 -3.270849677201391470e-02 1.002386517641354335e-03 4.951937583239079434e-03 -1.130508475505070769e-02 4.128857238615195845e-03 -2.710819958321383349e-03 -1.357157020674447509e-03 2.190579059595883227e-02 -1.601588383287047834e-01 -6.953002175618978875e-02 -5.831804843046358745e-03 3.239914900459094083e-02 -1.084031845333677111e-04 1.393114862102044779e-05 1.238619389008833988e-07 -2.127090223527457725e-06 -3.379248804350729637e-04 -5.853722777245370717e-04
8.338840972158991633e-05 8.119385120654946998e-06 1.599818031070562390e-07 2.186265673345142291e-07 -2.793832340889025283e-06 -8.058706020455562110e-05 5.071031910250036086e-04 4.840391600845938202e-05 -2.903336786612236729e-06 -9.178136852728718602e-08 -3.154582641081311768e-08 -9.034950881626312028e-04 1.253244180674563029e-05 3.328950169225932537e-04 -2.472090722396093386e-04 1.754626303633585792e-04 2.861144503569022345e-04 3.607361589803443616e-04 1.075123098181034469e-04 -7.775857638384455275e-03 -3.590717344197242103e-03 -1.843302099676032623e-03 -1.706393173912134319e-03 -2.343681427812763021e-06 -1.671395218539512569e-07 -7.963083656994891912e-07 5.271141602348901505e-06 -1.907918986766185375e-06 -1.895296736150079990e-05
3.132219602237663480e-06 5.909512925206412510e-07 9.238171495730171247e-09 2.045582021239764431e-08 -3.655964214277512996e-07 -9.789800248021003778e-06 6.511551851920247154e-05 -2.903336786612236729e-06 5.005844692942282137e-06 -1.196405165426748885e-08 -5.843360579880839743e-09 8.314943819148656228e-04 -1.047083964767049700e-05 1.864064857487970651e-05 1.278250892773693007e-04 5.431210502985773348e-05 5.787179530335585467e-05 1.545568145556714778e-04 7.555921946597768217e-04 3.889836692748940058e-03 6.661802925635792062e-04 -1.036766321039617173e-05 4.346776373694022236e-04 -7.379909839297126556e-09 2.053783837079081703e-07 -1.638766919354604676e-06 -1.812310506804044109e-06 -3.267498571637516867e-06 5.631387025863599890e-06
-7.295273136162910500e-08 -6.255799984170655899e-08 -9.966193239216983234e-10 3.581742281023413396e-09 -5.437918909560274176e-09 1.749477208565185013e-07 -3.818457310578037191e-07 -9.178136852728718602e-08 -1.196405165426748885e-08 3.798992962285953404e-07 -1.910019455656837798e-09 -2.220681167890724880e-04 5.228674794302282614e-06 1.016762911777966842e-04 -7.627091675534980182e-05 1.736791752893836096e-04 -1.903180842068091447e-04 -3.400467725906080560e-05 6.731691114098612273e-05 3.780870945336923736e-03 1.142098871783918303e-04 4.642126937321313989e-04 5.061055110717821914e-04 -2.241367738578116675e-07 1.048959672956079485e-07 -1.570537701822568245e-08 7.409351217853651098e-08 4.422372609964216946e-07 -2.649441222571214163e-07
-8.213420760155844084e-08 -4.967939107671501957e-08 2.033215696211757650e-09 -3.990155729502806606e-11 -2.160538687049605390e-09 4.778862826575060421e-08 4.804812016000613149e-07 -3.154582641081311768e-08 -5.843360579880839743e-09 -1.910019455656837798e-09 3.893785259513676661e-07 7.512730982055655345e-04 7.917131141982815258e-08 -3.823297844621115395e-05 -7.993063053688909139e-06 -1.015466691385656725e-05 -5.014399922702523008e-05 3.854753884721543789e-04 8.730756048578360842e-04 6.670624948311590710e-04 1.827024771890962344e-04 -3.154573171298256538e-04 -1.363912067815520237e-03 -1.172145931468717282e-07 4.653008958125425018e-08 -4.260518959653992623e-07 3.072810237728515896e-07 -7.587719607632399751e-07 -8.820503322995588402e-07
-1.337606762082215774e-03 -4.390924623934765875e-03 -1.904755156081608576e-06 -8.137244250456756754e-05 2.211602264435768650e-04 3.963301335986394759e-03 -3.270849677201391470e-02 -9.034950881626312028e-04 8.314943819148657312e-04 -2.220681167890724880e-04 7.512730982055655345e-04 4.471784752608969882e+01 -3.948886455039450349e-01 -6.754190641950884588e-01 -2.847378999527789278e-01 8.093450033333994542e-02 5.124239860977135574e-01 -5.844352456380260463e+00 -3.340499190356670312e+01 3.402341644060463466e+01 1.616580891102820328e+00 -1.275325026390063599e+01 -5.520823729485917397e+01 -3.615140189395798283e-03 -3.911206571746538431e-04 8.609168171989349137e-04 3.587250764894559961e-04 -4.226736589285775593e-03 7.729972835617287923e-03
3.224776331754586746e-05 1.030700510518542325e-04 -2.414995405335688812e-07 1.724588775209747397e-06 -7.457025098401719050e-06 -2.160889272251377568e-04 1.002386517641353902e-03 1.253244180674563198e-05 -1.047083964767049869e-05 5.228674794302283461e-06 7.917131141982815258e-08 -3.948886455039449794e-01 8.066829116081621065e-02 -4.106578332364074768e-02 4.998001315949306828e-02 -5.018317542835252880e-03 1.327871267818451009e-02 1.131552536209521204e-01 1.532558283794577259e-01 -5.844664086047224316e-01 8.838820955173730676e-01 1.673765536341107474e+00 6.219731515096786900e-01 8.705839223292850186e-05 3.452270212701642526e-05 -2.337207241560780439e-04 6.985537075572102012e-05 -3.383274465035320390e-05 7.803038765070732883e-04
6.208006410695732051e-04 7.268737653682690383e-04 -2.847592635598827015e-06 1.599716861460855568e-05 -3.116833347138061954e-05 -4.685548041162647176e-04 4.951937583239078566e-03 3.328950169225932537e-04 1.864064857487971328e-05 1.016762911777966977e-04 -3.823297844621115395e-05 -6.754190641950884588e-01 -4.106578332364074074e-02 3.831716977809600966e+00 -2.631092338434768862e+00 -1.839155440398506092e-01 1.354573708494293260e-01 2.610498780124665075e+00 3.151996415199435297e+00 -2.992998415570009740e+01 -3.178247249210595538e+00 7.550065303187290411e+00 5.156882542515522694e+00 -8.131597022853683529e-04 -2.450797048250279750e-04 6.352852439032928263e-04 -1.857678159195579439e-03 6.733792017169499926e-04 5.452345450808251774e-03
-7.493881405516519432e-04 -1.914562777497353036e-03 8.522551158308915885e-06 -2.784386603051378577e-05 7.549308219554461813e-05 5.865251969135236399e-04 -1.130508475505070769e-02 -2.472090722396092844e-04 1.278250892773693007e-04 -7.627091675534981537e-05 -7.993063053688898974e-06 -2.847378999527788723e-01 4.998001315949306828e-02 -2.631092338434768862e+00 5.618443868779947614e+00 6.019166825166473445e-02 -2.212877326917582210e-01 -2.090535322892542069e+00 -2.312483992384787523e+00 1.326317145518971863e+01 -4.960831147548050879e+00 -1.133470480177986595e+01 -8.775127468573037604e+00 -4.893354776828725628e-04 1.044979021992436868e-03 -5.914020975163145630e-04 2.097672813770704546e-03 1.041340076386154103e-03 -1.267802196255124675e-04
1.231757534473711428e-04 3.269103174849450981e-04 -4.262735731248118806e-06 3.909505424052682686e-06 -1.996314039975255239e-05 -4.992215114514769779e-04 4.128857238615193243e-03 1.754626303633585521e-04 5.431210502985773348e-05 1.736791752893836096e-04 -1.015466691385657063e-05 8.093450033333991767e-02 -5.018317542835254615e-03 -1.839155440398506369e-01 6.019166825166472057e-02 3.279512977151154640e+00 5.466138452147834004e-01 1.292951187906130339e-01 3.715582842473056507e-02 -6.199966050632169434e+00 -3.570595767664919151e-01 -5.545070371768182627e-01 -2.152988609991700053e-01 -8.367865454741539447e-06 4.990795858554502359e-04 -5.963100933092899429e-04 4.556149123574597284e-04 -9.811323535715058518e-04 -4.491106843616266171e-03
1.807937918093053804e-04 -3.372575528872019364e-04 2.995431268502072503e-06 -9.490196480888764713e-06 2.754114820419541939e-05 4.930136805119291876e-04 -2.710819958321382481e-03 2.861144503569022345e-04 5.787179530335584789e-05 -1.903180842068091447e-04 -5.014399922702523008e-05 5.124239860977135574e-01 1.327871267818451009e-02 1.354573708494293260e-01 -2.212877326917582210e-01 5.466138452147832894e-01 3.127744159493184739e+00 2.671682403685069929e+00 2.681724311161169716e+00 5.569716538592198063e+00 -1.259586422279563855e+00 -6.380504250215912609e-01 -1.087156394688528982e+00 7.382284788585661694e-05 -5.970844124822962621e-04 5.247371775649803524e-04 -1.056575211228710873e-03 -7.988744858971048683e-04 2.088249072558955727e-03
4.295111621687090590e-04 -2.440503925253336575e-04 6.929140008247965232e-06 -6.396593300061535811e-06 -2.021404963329895930e-05 5.449955149143655359e-04 -1.357157020674450978e-03 3.607361589803441447e-04 1.545568145556714778e-04 -3.400467725906080560e-05 3.854753884721543789e-04 -5.844352456380260463e+00 1.131552536209521204e-01 2.610498780124665075e+00 -2.090535322892542069e+00 1.292951187906130339e-01 2.671682403685069929e+00 1.079296412291568963e+01 1.928721215663180288e+01 -1.112333855048749953e+01 3.625144298232490847e+00 4.882868616885594371e+00 5.614513594806235908e+00 -5.291417357270409303e-04 -1.494764193151779336e-04 1.488901718274623530e-03 -6.803845397768506272e-04 -2.632360329126813000e-05 2.467082374007604009e-02
1.181209249435004457e-03 1.624125589058205777e-03 2.423516268834518438e-05 2.786260466807905385e-05 -1.934320773844465076e-04 -1.107243921876314595e-03 2.190579059595882880e-02 1.075123098181034469e-04 7.555921946597768217e-04 6.731691114098612273e-05 8.730756048578360842e-04 -3.340499190356670312e+01 1.532558283794577259e-01 3.151996415199435297e+00 -2.312483992384787967e+00 3.715582842473055813e-02 2.681724311161169716e+00 1.928721215663180288e+01 5.353666638553686141e+01 -2.062446272704836758e+01 4.609894654885364318e+00 7.937112822265183887e+00 3.374932674335882155e+01 -5.547532255203905084e-04 1.950036106137704192e-04 3.132234075595374811e-03 3.977933115242334025e-04 -1.542262619332512982e-03 3.476581592223246253e-02
-1.086719170895719157e-02 -2.009907556142657634e-02 1.252182531113666026e-04 -3.258606003916687550e-04 8.418883287732310252e-04 2.154541160581066248e-02 -1.601588383287047834e-01 -7.775857638384455275e-03 3.889836692748940058e-03 3.780870945336923736e-03 6.670624948311590710e-04 3.402341644060463466e+01 -5.844664086047224316e-01 -2.992998415570009740e+01 1.326317145518972040e+01 -6.199966050632169434e+00 5.569716538592198063e+00 -1.112333855048749953e+01 -2.062446272704836758e+01 7.709991155009892054e+02 6.774851978775988925e+01 -5.529483549487928684e+01 -6.017339855561240114e+01 -4.431001257111231127e-03 -6.088022245757490972e-03 3.897044114955791616e-02 1.540031111318088813e-02 -2.379879820572729232e-03 4.853351748472363447e-02
-5.180401717982367413e-03 -5.347283912797976511e-03 2.582612143844587391e-05 -1.818832912830766586e-04 3.873726770853418719e-04 7.372257921308118453e-03 -6.953002175618980263e-02 -3.590717344197242103e-03 6.661802925635792062e-04 1.142098871783918303e-04 1.827024771890962344e-04 1.616580891102820328e+00 8.838820955173730676e-01 -3.178247249210595538e+00 -4.960831147548049991e+00 -3.570595767664918596e-01 -1.259586422279563855e+00 3.625144298232491291e+00 4.609894654885364318e+00 6.774851978775988925e+01 6.010032789045372681e+01 3.897076031816727948e+01 1.451525022916770702e+01 6.337765235536291187e-04 -2.223679137550381782e-03 3.329010647859096533e-03 4.776082560431022190e-04 8.730369425483012298e-04 4.823801304881868146e-02
-2.049199919388352588e-03 1.825916263285552992e-03 1.414126209842464130e-05 -4.708687516075129139e-05 4.587230208584564065e-05 -1.257074290045748872e-03 -5.831804843046354409e-03 -1.843302099676033057e-03 -1.036766321039624796e-05 4.642126937321313989e-04 -3.154573171298257622e-04 -1.275325026390063599e+01 1.673765536341107474e+00 7.550065303187288634e+00 -1.133470480177986595e+01 -5.545070371768184847e-01 -6.380504250215913720e-01 4.882868616885594371e+00 7.937112822265183887e+00 -5.529483549487928684e+01 3.897076031816727948e+01 8.358183316293539633e+01 5.160075906161522141e+01 -9.009488806612733379e-04 -1.702058358332782934e-03 -8.695494308084892026e-04 -3.205945813986311056e-03 -9.539140327376757853e-04 3.384247392568324325e-02
5.081902187472062463e-05 5.082231687696820918e-03 2.731141288144570066e-05 2.243862068299792937e-05 -1.575635866960818762e-04 -5.993945776225660660e-03 3.239914900459092695e-02 -1.706393173912134319e-03 4.346776373694022236e-04 5.061055110717820830e-04 -1.363912067815520237e-03 -5.520823729485917397e+01 6.219731515096786900e-01 5.156882542515522694e+00 -8.775127468573037604e+00 -2.152988609991700053e-01 -1.087156394688528982e+00 5.614513594806235908e+00 3.374932674335882155e+01 -6.017339855561240114e+01 1.451525022916770702e+01 5.160075906161522141e+01 1.027619118920532912e+02 4.741225103897680343e-03 -1.680577021119741311e-03 -3.160284104864942434e-03 -3.822928418210597406e-03 7.524940631757182953e-03 -6.657206460016907960e-03
-3.470744091900220296e-06 1.374551922882076415e-06 5.210817252483058179e-08 -5.979886602140087830e-08 3.456020846676646286e-07 2.167496124056393506e-05 -1.084031845333677111e-04 -2.343681427812763021e-06 -7.379909839297364784e-09 -2.241367738578116145e-07 -1.172145931468716753e-07 -3.615140189395798283e-03 8.705839223292855607e-05 -8.131597022853683529e-04 -4.893354776828724544e-04 -8.367865454741954493e-06 7.382284788585695575e-05 -5.291417357270406050e-04 -5.547532255203908337e-04 -4.431001257111229392e-03 6.337765235536271672e-04 -9.009488806612727958e-04 4.741225103897681210e-03 1.458339134245768050e-03 2.754265390258721705e-04 9.213589029952068171e-05 -3.687323907257810817e-04 -8.442428125546568452e-05 -1.788580490154902081e-04
-3.709202650889168573e-07 1.090712401250562701e-06 7.996674074719545065e-08 -5.668027386491381243e-08 -7.679083652149141462e-08 -9.005535216212950285e-06 1.393114862102045626e-05 -1.671395218539518128e-07 2.053783837079080644e-07 1.048959672956079352e-07 4.653008958125428326e-08 -3.911206571746526505e-04 3.452270212701639138e-05 -2.450797048250281376e-04 1.044979021992437519e-03 4.990795858554501275e-04 -5.970844124822962621e-04 -1.494764193151783944e-04 1.950036106137704192e-04 -6.088022245757488370e-03 -2.223679137550383083e-03 -1.702058358332783367e-03 -1.680577021119741311e-03 2.754265390258721705e-04 8.783142935707182386e-04 5.444009996721950044e-05 7.535083228953475681e-04 4.862625970808703830e-05 -7.277880775207194904e-04
-6.153576163392782598e-06 -4.451319934232923629e-06 -5.055881794764663840e-07 -7.381917756759590541e-08 7.708337026966739946e-08 -1.084402680599716318e-05 1.238619389009321561e-07 -7.963083656994899324e-07 -1.638766919354605311e-06 -1.570537701822568245e-08 -4.260518959653992623e-07 8.609168171989340463e-04 -2.337207241560779896e-04 6.352852439032922842e-04 -5.914020975163148883e-04 -5.963100933092897260e-04 5.247371775649803524e-04 1.488901718274623096e-03 3.132234075595374378e-03 3.897044114955791616e-02 3.329010647859094799e-03 -8.695494308084883352e-04 -3.160284104864941133e-03 9.213589029952066816e-05 5.444009996721950044e-05 7.111397448619959094e-03 -2.784523823820051792e-04 5.975956902170059728e-04 4.118008518113000678e-03
7.317623242738029406e-06 4.518078116450527206e-07 2.996350486731765080e-07 -2.003817915149985037e-07 4.114668464701237320e-07 -1.388833361869474940e-05 -2.127090223527460690e-06 5.271141602348902352e-06 -1.812310506804043897e-06 7.409351217853641834e-08 3.072810237728517484e-07 3.587250764894557792e-04 6.985537075572107433e-05 -1.857678159195579872e-03 2.097672813770704546e-03 4.556149123574596742e-04 -1.056575211228710873e-03 -6.803845397768499767e-04 3.977933115242334025e-04 1.540031111318088293e-02 4.776082560431021105e-04 -3.205945813986313658e-03 -3.822928418210598273e-03 -3.687323907257810817e-04 7.535083228953476766e-04 -2.784523823820051792e-04 2.921914581020310705e-03 5.401621901957019169e-04 -1.072173397582383949e-03
-9.145363714947680805e-06 -4.769437698053517002e-06 -1.063490724355338112e-07 -4.261808980801892943e-07 1.312362142512369616e-06 4.681791850335389647e-05 -3.379248804350730179e-04 -1.907918986766187916e-06 -3.267498571637516443e-06 4.422372609964216946e-07 -7.587719607632399751e-07 -4.226736589285774726e-03 -3.383274465035314969e-05 6.733792017169491252e-04 1.041340076386153453e-03 -9.811323535715062855e-04 -7.988744858971046515e-04 -2.632360329126774037e-05 -1.542262619332512115e-03 -2.379879820572727931e-03 8.730369425483009045e-04 -9.539140327376745927e-04 7.524940631757184688e-03 -8.442428125546567097e-05 4.862625970808703830e-05 5.975956902170059728e-04 5.401621901957019169e-04 6.438859364441253119e-03 7.854705571969213332e-03
-2.888229389377851411e-05 -1.842391403096061263e-05 -1.031504522072936191e-06 -1.957536099089634802e-06 4.188294101817852535e-06 -2.058000080734039328e-05 -5.853722777245372886e-04 -1.895296736150079990e-05 5.631387025863602432e-06 -2.649441222571214163e-07 -8.820503322995590519e-07 7.729972835617286188e-03 7.803038765070727462e-04 5.452345450808253509e-03 -1.267802196255134433e-04 -4.491106843616267906e-03 2.088249072558957028e-03 2.467082374007603662e-02 3.476581592223247641e-02 4.853351748472364141e-02 4.823801304881866758e-02 3.384247392568323631e-02 -6.657206460016903624e-03 -1.788580490154901539e-04 -7.277880775207194904e-04 4.118008518113000678e-03 -1.072173397582383949e-03 7.854705571969213332e-03 7.250898544804140755e-02
