# logA n_s theta_s_100 omega_b omega_cdm tau_reio A_planck amp_143 amp_217 amp_143x217 n_143 n_217 n_143x217 calTE calEE
1.670639558099566095e-04 7.596562898321177233e-06 4.978493821366958539e-08 2.660071753472821390e-07 -2.446090974524737170e-06 8.529445383680064636e-05 1.326470222832047773e-06 -1.938171853922217042e-03 -1.877402904084887920e-03 -1.780926410850304899e-03 -1.187368724937867216e-05 2.659294753032443348e-04 4.209676853707564688e-04 -5.520640256556377452e-06 -1.865986209893733746e-06
7.596562898321177233e-06 1.105055307364187314e-05 5.268750154253031170e-08 9.359773938602562569e-08 -8.927772784479278609e-07 5.380097851070451430e-06 -1.127624301975841088e-08 -3.706078983840482843e-03 -3.524143432847214215e-03 -3.606805508562569915e-03 6.987063131655760467e-05 5.961310113946232704e-04 9.079867990950364013e-04 2.928952088012624797e-07 -1.922167791684854666e-06
4.978493821366958539e-08 5.268750154253031170e-08 5.036838388342645016e-08 1.150015659935979971e-09 1.012374337029822999e-08 1.716607720739204895e-09 -8.317453235074108863e-09 1.843328372833834438e-05 1.557513711071938710e-05 1.685402702047724386e-05 -5.617571853796434244e-07 -2.782926054114021572e-06 -4.927330661616036448e-06 -1.655876604833053639e-08 2.578735398766476002e-08
2.660071753472821390e-07 9.359773938602562569e-08 1.150015659935979971e-09 1.455884230451472455e-08 -1.910578083071548801e-08 1.265746233214091821e-07 1.214523228105993359e-09 -6.905227567001746879e-05 -6.612178304197430560e-05 -6.781157119237759482e-05 -3.914957796792572862e-07 8.005573839795422940e-06 1.288908440619725994e-05 -5.799355167863008739e-08 -1.827992560887324155e-07
-2.446090974524737170e-06 -8.927772784479278609e-07 1.012374337029822999e-08 -1.910578083071548801e-08 3.662670231713692814e-07 -1.475776531647949513e-06 -1.762960212735891564e-07 1.341768943176201601e-04 1.228468350342886730e-04 1.295605468479386760e-04 -2.474486974040781837e-06 -1.921779082710269927e-05 -3.264497598835897313e-05 -1.547636352360712999e-08 -1.530189478904553980e-07
8.529445383680064636e-05 5.380097851070451430e-06 1.716607720739198691e-09 1.265746233214091821e-07 -1.475776531647949513e-06 4.921925810230728547e-05 -4.027837049136965899e-06 -8.694789510967465248e-04 -7.579996182335436549e-04 -6.769006066869991687e-04 -4.477097410849237530e-05 5.470660528312075178e-05 8.425331979175093588e-05 -3.082635093853190097e-06 -1.822054623690262953e-06
1.326470222832047773e-06 -1.127624301975841088e-08 -8.317453235074108863e-09 1.214523228105993359e-09 -1.762960212735891564e-07 -4.027837049136965899e-06 5.036614027502092693e-06 4.450721858802152695e-04 3.793883034406415715e-04 3.577937563850692375e-04 -1.099906819938342282e-05 -5.337645172908947651e-05 -7.002007204631979418e-05 8.962229534763524359e-08 1.180267599546885332e-07
-1.938171853922217042e-03 -3.706078983840482843e-03 1.843328372833834438e-05 -6.905227567001746879e-05 1.341768943176201601e-04 -8.694789510967465248e-04 4.450721858802152695e-04 3.321241853064125227e+00 2.824878649428912869e+00 3.015775004299801498e+00 -8.894462902638977653e-02 -5.654588804851160555e-01 -8.647956306941566584e-01 -4.529457566579572184e-04 1.219849352501329161e-04
-1.877402904084887920e-03 -3.524143432847214215e-03 1.557513711071939049e-05 -6.612178304197430560e-05 1.228468350342886730e-04 -7.579996182335436549e-04 3.793883034406415715e-04 2.824878649428912869e+00 2.990621428352945976e+00 2.913604239670658735e+00 -1.241961184066291135e-01 -5.873033147159609779e-01 -8.758719881736558577e-01 -5.400173405493464843e-04 3.472327350942132817e-05
-1.780926410850304899e-03 -3.606805508562569915e-03 1.685402702047724725e-05 -6.781157119237760838e-05 1.295605468479386760e-04 -6.769006066869991687e-04 3.577937563850692375e-04 3.015775004299801498e+00 2.913604239670658735e+00 3.033635975276387509e+00 -1.260900784260237384e-01 -5.856772199681558044e-01 -8.811842962902302068e-01 -5.307401449858115822e-04 4.357137124398220425e-05
-1.187368724937866707e-05 6.987063131655760467e-05 -5.617571853796434244e-07 -3.914957796792572862e-07 -2.474486974040780990e-06 -4.477097410849236852e-05 -1.099906819938342282e-05 -8.894462902638977653e-02 -1.241961184066291135e-01 -1.260900784260237384e-01 2.979506664137108324e-02 2.752247914195877360e-02 5.788219712573126896e-02 8.661204245023435770e-05 9.034475820602850735e-05
2.659294753032443348e-04 5.961310113946232704e-04 -2.782926054114021572e-06 8.005573839795422940e-06 -1.921779082710269927e-05 5.470660528312073823e-05 -5.337645172908947651e-05 -5.654588804851160555e-01 -5.873033147159609779e-01 -5.856772199681558044e-01 2.752247914195877360e-02 1.513919777406688427e-01 2.039446832135270449e-01 1.432436007716355751e-04 1.083622734803923614e-04
4.209676853707564688e-04 9.079867990950364013e-04 -4.927330661616036448e-06 1.288908440619725656e-05 -3.264497598835897313e-05 8.425331979175094944e-05 -7.002007204631979418e-05 -8.647956306941566584e-01 -8.758719881736558577e-01 -8.811842962902302068e-01 5.788219712573126896e-02 2.039446832135270726e-01 3.351189446293368346e-01 2.321543782099140844e-04 1.601071787512253731e-04
-5.520640256556377452e-06 2.928952088012624797e-07 -1.655876604833053639e-08 -5.799355167863008739e-08 -1.547636352360712999e-08 -3.082635093853189674e-06 8.962229534763524359e-08 -4.529457566579572184e-04 -5.400173405493464843e-04 -5.307401449858115822e-04 8.661204245023435770e-05 1.432436007716355751e-04 2.321543782099140844e-04 1.302319154570648670e-05 4.422124842825734823e-06
-1.865986209893733746e-06 -1.922167791684854666e-06 2.578735398766476002e-08 -1.827992560887324155e-07 -1.530189478904553980e-07 -1.822054623690262953e-06 1.180267599546885332e-07 1.219849352501329161e-04 3.472327350942134850e-05 4.357137124398219070e-05 9.034475820602850735e-05 1.083622734803923614e-04 1.601071787512253731e-04 4.422124842825734823e-06 1.367549447484350404e-05
