# logA n_s theta_s_100 omega_b omega_cdm tau_reio A_planck calib_100T calib_217T A_cib_217 xi_sz_cib A_sz ksz_norm gal545_A_100 gal545_A_143 gal545_A_143_217 gal545_A_217 ps_A_100_100 ps_A_143_143 ps_A_143_217 ps_A_217_217 galf_TE_A_100 galf_TE_A_100_143 galf_TE_A_100_217 galf_TE_A_143 galf_TE_A_143_217 galf_TE_A_217
1.574315907048624158e-04 6.788596003651077493e-06 1.193563629954722583e-07 2.542564648773068969e-07 -2.244208981676521310e-06 7.962135239500072836e-05 1.971985467088150969e-06 1.128956345952577172e-08 -2.951061202522953353e-07 -2.077292168902831939e-03 -3.122667607092729120e-05 8.898241813790700718e-04 -8.296511708945127767e-04 -6.407731660689581447e-05 -1.650222179450341377e-04 -2.352787983939026999e-04 1.234148233572747964e-05 -1.125211828617489994e-02 -5.188233550704995922e-03 -1.392530621373108679e-03 2.154815994881187878e-03 -5.363066959012656843e-06 -3.930094402159985561e-06 1.464517297602357991e-05 -1.710586360999094894e-06 -1.178254806022294724e-05 -2.169083269907690810e-05
6.788596003651077493e-06 1.070144971916919502e-05 7.024089376391361316e-08 6.591811365164503299e-08 -8.924702259226092694e-07 5.152038912121990201e-06 2.762859619855375321e-08 -9.345050111911043205e-08 -7.107341589809893624e-08 -3.719175560539746475e-03 1.095014539975998976e-04 8.297281134653446046e-04 -2.008590122258234120e-03 2.717850288179425805e-04 -3.553473207969690649e-04 -2.809619612105171958e-04 8.372943791618090836e-04 -2.124216411393538284e-02 -4.433569218072942568e-03 2.684773147240603498e-03 4.727382537110424304e-03 5.767875379120979197e-07 -5.283573673565024351e-07 1.037995592698395978e-06 -1.691947152537572000e-06 -2.394443870363339020e-06 1.908375799838200469e-05
1.193563629954722583e-07 7.024089376391361316e-08 7.423061281040649502e-08 2.348921223426586431e-09 2.292967030406793526e-08 -1.241123287932484150e-08 9.044189960780429811e-09 -2.667880195396491071e-09 1.563589212910063345e-09 -2.992746335084851060e-05 6.879245698978489807e-07 9.265010620691290909e-07 -9.003570936261851866e-06 5.698351039380759414e-06 5.714267034893104051e-06 1.532797955141354824e-05 4.888881249707935866e-05 -9.400319164360394135e-05 7.391395554218195519e-05 8.182858467407379396e-05 7.918082954171537307e-05 6.841844476478512348e-09 2.554020620611765108e-08 5.917769924625841377e-08 1.621725129422281966e-08 6.347919847307257207e-08 3.991955978331668497e-08
2.542564648773068969e-07 6.591811365164503299e-08 2.348921223426586431e-09 1.507565565673768955e-08 -1.882623359029113066e-08 1.035862405257910787e-07 7.988201770472191510e-09 3.097057196605315691e-09 -9.122328492365358083e-10 -5.329953227011717488e-05 1.154900879315211728e-06 1.630389753603518515e-05 -2.869933596293468861e-05 -4.852398416869358709e-06 -8.114428982585780955e-06 -4.734287996242099599e-06 9.964984113491152646e-06 -2.502487276944040905e-04 -1.475409136176739598e-04 -3.509804174575412633e-05 6.917373772538198997e-06 6.416145932434883270e-08 -5.079125199257487833e-08 6.018713547519810444e-08 -2.130431700064484273e-07 -4.457568291752870372e-07 -1.451609630506351208e-06
-2.244208981676521310e-06 -8.924702259226092694e-07 2.292967030406793526e-08 -1.882623359029113066e-08 3.851155768424958048e-07 -1.438523649503805028e-06 -1.509649243440218933e-07 -2.416729545907033452e-09 6.112342281594170426e-09 4.353149523293658925e-05 -4.327687060768945137e-06 -3.117173666137452320e-05 7.197945964129249879e-05 8.819968743864655525e-06 1.491832351241620374e-05 1.977673934216917756e-05 4.809143444076792391e-05 3.997138084462123725e-04 1.263447649070558484e-04 -7.107362539580837086e-05 -1.115916434975580918e-04 -2.388215519826589415e-07 -4.644482844675040349e-08 -5.564693463999010521e-07 -4.043454383441359994e-07 7.516680569805754165e-07 3.141433420653988426e-06
7.962135239500072836e-05 5.152038912121990201e-06 -1.241123287932483488e-08 1.035862405257910787e-07 -1.438523649503805028e-06 4.589193871813836899e-05 -3.569871346473274090e-06 -3.508267721909820428e-08 -1.434214817040871331e-07 -1.351749018770265903e-03 -5.443903381034335293e-06 5.178560591139664583e-04 -2.675979847753849963e-04 1.102055982525913119e-04 1.157821799893406217e-04 4.519492155223055066e-05 -4.593047603116931672e-04 -8.676463192486863832e-03 -3.522486518077347969e-03 -1.260411088005644999e-03 -6.306493963285487005e-04 -2.130751328630914229e-06 -3.944453776176911539e-07 8.158712190876201250e-06 1.351479805131893204e-06 -2.334262646782089299e-06 -6.244801886045627310e-06
1.971985467088150969e-06 2.762859619855375321e-08 9.044189960780429811e-09 7.988201770472191510e-09 -1.509649243440218933e-07 -3.569871346473274090e-06 4.823790742686818322e-06 -2.056428211169951054e-08 -3.737077161101687372e-09 1.053077630692496412e-03 -2.078349071726484458e-05 -1.221937333769745668e-05 9.253439802823502415e-05 -3.140861834589766288e-06 3.835202348635403734e-05 5.536966955897372640e-05 4.171784585212733412e-04 4.597345343425637831e-03 8.906832155008765533e-04 8.300587149754309923e-05 4.937243784650033329e-04 -4.150017102099580862e-07 -1.451421582440792271e-06 -1.176033871255782340e-06 -1.306325117843087514e-06 -3.015045429955130740e-06 7.727103483961320908e-07
1.128956345952577172e-08 -9.345050111911043205e-08 -2.667880195396491071e-09 3.097057196605315691e-09 -2.416729545907033452e-09 -3.508267721909820428e-08 -2.056428211169951054e-08 3.743025927927500887e-07 -1.963976302358727162e-09 -1.990449954616800468e-04 2.400462056350085212e-06 1.031240481968321156e-04 -9.544361777734708787e-05 1.796425970733188859e-04 -1.731435724003517051e-04 9.601275805848325613e-06 1.244325477621020381e-04 4.014365975471255628e-03 1.609802333104939378e-04 4.122803796031221596e-04 4.966452599678176580e-04 3.499198230603128677e-07 1.654024517447354109e-07 9.165625199147768709e-07 5.598873924913865058e-07 4.702892355131643651e-07 -1.263631948485727357e-06
-2.951061202522953353e-07 -7.107341589809893624e-08 1.563589212910063345e-09 -9.122328492365358083e-10 6.112342281594170426e-09 -1.434214817040871331e-07 -3.737077161101687372e-09 -1.963976302358727162e-09 3.816231233964742039e-07 6.971239645539740321e-04 7.297857352325196620e-07 -3.088378761213100740e-05 -9.975839095643186313e-06 -1.657061962786515643e-05 -2.564098057000261844e-05 4.287858598088497642e-04 9.309624251516718111e-04 5.998067446650609882e-04 1.581622213987244350e-04 -2.713556044898511664e-04 -1.260930808848528036e-03 -8.205332940417376417e-08 -1.439886071679493059e-07 2.520794531174986559e-07 -3.952031221266114023e-07 -6.756066364376008042e-07 -2.725860169705390678e-06
-2.077292168902832373e-03 -3.719175560539746475e-03 -2.992746335084851060e-05 -5.329953227011717488e-05 4.353149523293658248e-05 -1.351749018770265903e-03 1.053077630692496412e-03 -1.990449954616800468e-04 6.971239645539740321e-04 4.448831726750865556e+01 -3.830625169226023474e-01 -8.251823972192513512e-01 -1.913731952429476302e-01 2.921147907741283301e-01 3.736758718156281134e-01 -6.197585607842900579e+00 -3.389185184858840216e+01 3.296213304688398438e+01 1.100470219983683329e+00 -1.307883313615850085e+01 -5.484418547663042176e+01 -3.974326848366287190e-03 4.520055918661575016e-03 -1.740460126838347388e-02 4.120830994976116060e-03 -5.929283312145450582e-03 -4.495863679221537290e-02
-3.122667607092726409e-05 1.095014539975999111e-04 6.879245698978494042e-07 1.154900879315211940e-06 -4.327687060768944290e-06 -5.443903381034339529e-06 -2.078349071726484458e-05 2.400462056350084365e-06 7.297857352325192385e-07 -3.830625169226023474e-01 8.035419854762838876e-02 -3.065091752793760657e-02 4.049714132262610677e-02 -8.181772784544155686e-03 2.159663727935866653e-02 1.363165788389039956e-01 1.828908586714844686e-01 -6.549819594401236067e-01 8.919975517686907773e-01 1.688060623000054106e+00 6.091278988842585562e-01 9.092356881358272557e-05 -6.853544138801830532e-05 1.949471345677924853e-04 -1.065349157863196684e-04 -3.287250904244842873e-04 -7.999676058175752029e-04
8.898241813790699634e-04 8.297281134653446046e-04 9.265010620691290909e-07 1.630389753603518177e-05 -3.117173666137452320e-05 5.178560591139663499e-04 -1.221937333769746006e-05 1.031240481968321156e-04 -3.088378761213100740e-05 -8.251823972192513512e-01 -3.065091752793760657e-02 3.779353179950061925e+00 -2.519642897457742947e+00 -2.620970043941047156e-01 1.212144077346364174e-01 2.585061814460006158e+00 3.215866670269250438e+00 -3.002741958744790196e+01 -3.227307380754018240e+00 7.563497905659380294e+00 5.021795201674065012e+00 -1.225194389370698640e-03 -7.610063600597667764e-04 6.350031253281520228e-04 -2.692593755345063693e-04 1.066861004971021102e-03 -3.761962861232822676e-03
-8.296511708945127767e-04 -2.008590122258234120e-03 -9.003570936261853560e-06 -2.869933596293468183e-05 7.197945964129249879e-05 -2.675979847753848879e-04 9.253439802823505125e-05 -9.544361777734708787e-05 -9.975839095643188007e-06 -1.913731952429476302e-01 4.049714132262610677e-02 -2.519642897457742947e+00 5.373910772759472820e+00 8.478199009507372819e-02 -1.526589288108985421e-01 -1.956410893996643585e+00 -2.216467203128794861e+00 1.298822099726884893e+01 -4.675051022028343439e+00 -1.099603256252314942e+01 -8.386126652415423877e+00 1.303789221380288743e-03 4.669370485263355701e-04 -2.815777628955182417e-03 -2.263229347207982591e-04 -4.019776024748745991e-04 -4.168360286735452516e-03
-6.407731660689578736e-05 2.717850288179425805e-04 5.698351039380762802e-06 -4.852398416869358709e-06 8.819968743864655525e-06 1.102055982525912848e-04 -3.140861834589772217e-06 1.796425970733188859e-04 -1.657061962786514966e-05 2.921147907741283301e-01 -8.181772784544153951e-03 -2.620970043941046601e-01 8.478199009507372819e-02 3.345358734155253977e+00 5.417548789865075376e-01 1.068076673895344691e-01 -1.455651618707963415e-03 -5.737079299193596604e+00 -2.047652657561919165e-01 -8.771791911196122893e-01 -7.754130889242553115e-01 3.284900825708890579e-04 7.590463717790384189e-04 -1.186013104482966634e-03 -1.454688617285659858e-03 7.252261148046467310e-04 7.022241903916321380e-03
-1.650222179450341377e-04 -3.553473207969691191e-04 5.714267034893104051e-06 -8.114428982585782649e-06 1.491832351241620713e-05 1.157821799893406624e-04 3.835202348635403734e-05 -1.731435724003517051e-04 -2.564098057000261844e-05 3.736758718156279468e-01 2.159663727935866653e-02 1.212144077346364174e-01 -1.526589288108985421e-01 5.417548789865075376e-01 3.168278517755390489e+00 2.725639944736857778e+00 2.828780850311946260e+00 5.545658609220690316e+00 -1.336201186778096073e+00 -5.662971451130248690e-01 -1.043717950934754946e+00 -7.688335691802709111e-06 -8.845746253924988600e-05 -1.248932808066727804e-03 4.209807403420939430e-04 1.971822860894519166e-04 6.062917621213795814e-03
-2.352787983939027270e-04 -2.809619612105171958e-04 1.532797955141354486e-05 -4.734287996242099599e-06 1.977673934216918095e-05 4.519492155223055066e-05 5.536966955897373996e-05 9.601275805848334083e-06 4.287858598088497642e-04 -6.197585607842900579e+00 1.363165788389039956e-01 2.585061814460006158e+00 -1.956410893996643585e+00 1.068076673895344830e-01 2.725639944736857778e+00 1.088096720491897784e+01 1.955379942725440401e+01 -1.203334083359017725e+01 3.529670867136321277e+00 5.261728721488450944e+00 5.794095625247765113e+00 -4.395721098623401034e-05 -1.825967919517976256e-03 2.732624863081414834e-03 -3.036674397880953502e-03 -2.698334952040757468e-04 1.206163251892734128e-02
1.234148233572747964e-05 8.372943791618090836e-04 4.888881249707935866e-05 9.964984113491152646e-06 4.809143444076792391e-05 -4.593047603116932214e-04 4.171784585212733412e-04 1.244325477621020381e-04 9.309624251516718111e-04 -3.389185184858840216e+01 1.828908586714844686e-01 3.215866670269250438e+00 -2.216467203128794861e+00 -1.455651618708007650e-03 2.828780850311946260e+00 1.955379942725440401e+01 5.401023923451203501e+01 -2.197304859285966216e+01 5.117023769759722285e+00 9.122348891444342911e+00 3.432165977130524936e+01 1.951648368570388674e-03 -5.018540564213990786e-03 1.540238428760880296e-02 -6.967343534021394787e-03 1.651190734496878762e-03 5.484551055411152759e-02
-1.125211828617489820e-02 -2.124216411393538284e-02 -9.400319164360395490e-05 -2.502487276944040905e-04 3.997138084462123183e-04 -8.676463192486863832e-03 4.597345343425637831e-03 4.014365975471255628e-03 5.998067446650610967e-04 3.296213304688398438e+01 -6.549819594401234957e-01 -3.002741958744790196e+01 1.298822099726885071e+01 -5.737079299193596604e+00 5.545658609220690316e+00 -1.203334083359017548e+01 -2.197304859285966216e+01 7.846807237392102934e+02 6.553847663062201434e+01 -5.608225406354330289e+01 -5.549069944011651501e+01 5.980609415074287886e-03 8.909641477090049153e-03 9.094283500707748798e-04 5.539351106342918496e-02 2.628328325149317823e-04 -7.086143188223816003e-02
-5.188233550704995922e-03 -4.433569218072942568e-03 7.391395554218195519e-05 -1.475409136176739598e-04 1.263447649070558484e-04 -3.522486518077347969e-03 8.906832155008765533e-04 1.609802333104939378e-04 1.581622213987244350e-04 1.100470219983683329e+00 8.919975517686907773e-01 -3.227307380754018684e+00 -4.675051022028343439e+00 -2.047652657561919720e-01 -1.336201186778095851e+00 3.529670867136321277e+00 5.117023769759722285e+00 6.553847663062201434e+01 5.902947104836173509e+01 3.810014047216606770e+01 1.428827640353472184e+01 2.618850356837006815e-03 1.774513176132075853e-03 5.637206011112020666e-03 3.431099191603996512e-03 4.073508462889486280e-03 5.373779643159378588e-03
-1.392530621373108679e-03 2.684773147240603498e-03 8.182858467407379396e-05 -3.509804174575412633e-05 -7.107362539580839797e-05 -1.260411088005644999e-03 8.300587149754316699e-05 4.122803796031221596e-04 -2.713556044898511664e-04 -1.307883313615850085e+01 1.688060623000054106e+00 7.563497905659380294e+00 -1.099603256252314942e+01 -8.771791911196122893e-01 -5.662971451130249800e-01 5.261728721488450944e+00 9.122348891444342911e+00 -5.608225406354330289e+01 3.810014047216606770e+01 8.293327559409901539e+01 5.057362745314355124e+01 -9.237418513886094112e-04 -1.796496530659991283e-03 1.046838113380338560e-02 6.264671774090208034e-03 4.610926947137042840e-03 -7.985890325159122546e-03
2.154815994881187878e-03 4.727382537110424304e-03 7.918082954171537307e-05 6.917373772538199844e-06 -1.115916434975580918e-04 -6.306493963285485921e-04 4.937243784650033329e-04 4.966452599678176580e-04 -1.260930808848528036e-03 -5.484418547663042176e+01 6.091278988842585562e-01 5.021795201674065012e+00 -8.386126652415425653e+00 -7.754130889242555336e-01 -1.043717950934754946e+00 5.794095625247765113e+00 3.432165977130524936e+01 -5.549069944011651501e+01 1.428827640353472184e+01 5.057362745314355124e+01 1.010894302768445243e+02 1.372001901003038968e-03 -5.834981504190742477e-03 2.440803604995770565e-02 4.449243518349750570e-03 1.338448584435648209e-02 4.568300210758709928e-02
-5.363066959012656843e-06 5.767875379120985550e-07 6.841844476478512348e-09 6.416145932434883270e-08 -2.388215519826589944e-07 -2.130751328630913382e-06 -4.150017102099578745e-07 3.499198230603128677e-07 -8.205332940417360535e-08 -3.974326848366288058e-03 9.092356881358268491e-05 -1.225194389370699074e-03 1.303789221380289827e-03 3.284900825708888411e-04 -7.688335691803071641e-06 -4.395721098623444403e-05 1.951648368570388023e-03 5.980609415074287886e-03 2.618850356837007683e-03 -9.237418513886076765e-04 1.372001901003036799e-03 1.511684105007326086e-03 2.859804909975324771e-04 6.041781897826670812e-05 -3.624109497707547951e-04 -1.331116323981032241e-04 -1.695269090525070195e-04
-3.930094402159984714e-06 -5.283573673565025410e-07 2.554020620611762130e-08 -5.079125199257490480e-08 -4.644482844675040349e-08 -3.944453776176911539e-07 -1.451421582440792482e-06 1.654024517447354109e-07 -1.439886071679493059e-07 4.520055918661575016e-03 -6.853544138801831887e-05 -7.610063600597667764e-04 4.669370485263351907e-04 7.590463717790385274e-04 -8.845746253925021126e-05 -1.825967919517976689e-03 -5.018540564213990786e-03 8.909641477090050887e-03 1.774513176132076070e-03 -1.796496530659991500e-03 -5.834981504190743344e-03 2.859804909975324229e-04 8.583169985991749486e-04 2.425260905712311267e-05 7.324800745808577457e-04 2.055630130556201397e-05 -6.734876217534045782e-04
1.464517297602357991e-05 1.037995592698398095e-06 5.917769924625844024e-08 6.018713547519810444e-08 -5.564693463999012638e-07 8.158712190876201250e-06 -1.176033871255781917e-06 9.165625199147767650e-07 2.520794531174986559e-07 -1.740460126838347388e-02 1.949471345677925124e-04 6.350031253281518059e-04 -2.815777628955182417e-03 -1.186013104482966634e-03 -1.248932808066727804e-03 2.732624863081414401e-03 1.540238428760880296e-02 9.094283500707724946e-04 5.637206011112019799e-03 1.046838113380338213e-02 2.440803604995770565e-02 6.041781897826673523e-05 2.425260905712310589e-05 7.257653378231605952e-03 -2.867551607967064363e-04 6.704874660554716601e-04 5.120546757642644060e-03
-1.710586360999094894e-06 -1.691947152537570941e-06 1.621725129422267738e-08 -2.130431700064483743e-07 -4.043454383441359994e-07 1.351479805131892781e-06 -1.306325117843087091e-06 5.598873924913866117e-07 -3.952031221266115611e-07 4.120830994976116927e-03 -1.065349157863196549e-04 -2.692593755345059356e-04 -2.263229347207985844e-04 -1.454688617285659642e-03 4.209807403420937262e-04 -3.036674397880954369e-03 -6.967343534021393919e-03 5.539351106342918496e-02 3.431099191603999114e-03 6.264671774090207167e-03 4.449243518349751438e-03 -3.624109497707547951e-04 7.324800745808577457e-04 -2.867551607967064363e-04 2.945359826146346904e-03 5.133057250620042845e-04 -9.595553372847941262e-04
-1.178254806022295232e-05 -2.394443870363339020e-06 6.347919847307254560e-08 -4.457568291752870372e-07 7.516680569805753106e-07 -2.334262646782089722e-06 -3.015045429955131164e-06 4.702892355131643651e-07 -6.756066364376008042e-07 -5.929283312145453184e-03 -3.287250904244841789e-04 1.066861004971021102e-03 -4.019776024748743281e-04 7.252261148046471647e-04 1.971822860894521334e-04 -2.698334952040753131e-04 1.651190734496880497e-03 2.628328325149201271e-04 4.073508462889488015e-03 4.610926947137047177e-03 1.338448584435648382e-02 -1.331116323981032241e-04 2.055630130556202075e-05 6.704874660554716601e-04 5.133057250620045014e-04 6.427156514165176422e-03 8.118324134123066499e-03
-2.169083269907690810e-05 1.908375799838200469e-05 3.991955978331664527e-08 -1.451609630506351208e-06 3.141433420653988426e-06 -6.244801886045627310e-06 7.727103483961318790e-07 -1.263631948485727357e-06 -2.725860169705391101e-06 -4.495863679221537290e-02 -7.999676058175746608e-04 -3.761962861232824411e-03 -4.168360286735453384e-03 7.022241903916323115e-03 6.062917621213795814e-03 1.206163251892733955e-02 5.484551055411152759e-02 -7.086143188223816003e-02 5.373779643159375119e-03 -7.985890325159115608e-03 4.568300210758707847e-02 -1.695269090525070466e-04 -6.734876217534045782e-04 5.120546757642644060e-03 -9.595553372847941262e-04 8.118324134123066499e-03 7.212627044183872460e-02
