# logA n_s theta_s_100 omega_b omega_cdm w0_fld wa_fld tau_reio A_planck amp_143 amp_217 amp_143x217 n_143 n_217 n_143x217 calTE calEE
1.677372800599707622e-04 1.264811695356366661e-05 3.418922851807921185e-07 4.748949094554188637e-07 -4.602994803654403797e-06 -1.374544491601648879e-04 8.836285038059814344e-04 8.500275806448951462e-05 3.622625384638385457e-06 -2.968569898199833849e-03 -2.952645196383971420e-03 -3.063479295519316078e-03 2.499371498398122660e-05 3.518235221021962975e-04 5.126585271317135335e-04 -4.197054238735057130e-06 -1.483410589427338113e-06
1.264811695356366661e-05 1.297562422846369900e-05 9.364917422470361627e-08 1.521775106852075911e-07 -1.564822108638387956e-06 -2.683081008725573841e-05 2.175813828573308834e-04 7.942403276100689342e-06 5.517218330638794646e-07 -4.190586833723786674e-03 -4.102403556203029940e-03 -4.168809113077365930e-03 1.170075024663742261e-04 6.605002780205130328e-04 9.452230955978976803e-04 3.524193178763985067e-07 -1.843282826068064345e-06
3.418922851807921185e-07 9.364917422470361627e-08 5.331029586457921853e-08 2.951502101038100750e-09 -1.479557391478834866e-08 -1.054615147669239065e-06 7.616799057890273912e-06 1.212671998291795611e-07 4.054309636204425389e-08 1.415730745012090092e-05 9.902206825344656347e-06 1.300673169034694797e-05 -4.193377044280826471e-07 -1.755579172487006267e-06 -2.173391946055767829e-06 -3.348395173346288783e-09 4.136204674865183547e-08
4.748949094554188637e-07 1.521775106852075911e-07 2.951502101038100750e-09 1.719566444010525923e-08 -4.313218988470513072e-08 -8.851374491431065417e-07 6.994411466331719476e-06 2.312630789999083282e-07 2.064972572196505642e-08 -8.714886943734259607e-05 -8.425930847239089473e-05 -8.608109796029752550e-05 1.720284448254550538e-07 1.035565609337613735e-05 1.458864151518297214e-05 -5.938703833159846977e-08 -1.780523715180082740e-07
-4.602994803654403797e-06 -1.564822108638387956e-06 -1.479557391478834866e-08 -4.313218988470513072e-08 6.436160948086754915e-07 1.185100966959980938e-05 -8.779974052322342057e-05 -2.581144093390376642e-06 -4.052841280237998580e-07 2.576708881720313551e-04 2.643518667736395340e-04 2.723906705848369125e-04 -7.053821273353040475e-06 -3.926470229783242638e-05 -5.686022252348278200e-05 -8.175031727436613376e-08 -2.724844452301158689e-07
-1.374544491601648879e-04 -2.683081008725573841e-05 -1.054615147669239065e-06 -8.851374491431065417e-07 1.185100966959980938e-05 3.247176635672704200e-03 -1.131711837441316121e-02 -7.029597413961436857e-05 -9.048515590621358668e-06 4.647590597060232906e-03 5.631967820636699096e-03 5.606642505338797940e-03 -3.409276869684969911e-04 -1.111040294586677305e-03 -1.670769377542590840e-03 -1.935791537260603519e-06 -5.774180525182750851e-06
8.836285038059814344e-04 2.175813828573308834e-04 7.616799057890273912e-06 6.994411466331719476e-06 -8.779974052322342057e-05 -1.131711837441316121e-02 4.794034080143513149e-02 4.602990557788942043e-04 6.514570587909723960e-05 -4.048800373731312879e-02 -4.299622596745705100e-02 -4.398504128051725082e-02 1.562327357134438849e-03 7.036564926121672767e-03 1.055805274188011122e-02 1.052049717314554410e-05 3.162628329495197576e-05
8.500275806448952818e-05 7.942403276100689342e-06 1.212671998291795611e-07 2.312630789999083282e-07 -2.581144093390376642e-06 -7.029597413961438212e-05 4.602990557788942043e-04 4.861995222071226349e-05 -2.697943050101845683e-06 -1.393925647812413807e-03 -1.297689535542489135e-03 -1.336564122030190795e-03 -2.647121430415113707e-05 1.042601374900237280e-04 1.506683084842795042e-04 -2.071667746666818744e-06 -1.575969151941555511e-06
3.622625384638385457e-06 5.517218330638794646e-07 4.054309636204425389e-08 2.064972572196505642e-08 -4.052841280237998580e-07 -9.048515590621358668e-06 6.514570587909723960e-05 -2.697943050101845683e-06 5.075489089206528297e-06 4.323278221652802835e-04 3.400546598219625371e-04 3.212127838876717065e-04 -1.639803936259384020e-05 -4.636895146160348834e-05 -7.715385405090720956e-05 -1.221128031207883307e-07 1.647467797815990484e-07
-2.968569898199833849e-03 -4.190586833723786674e-03 1.415730745012090092e-05 -8.714886943734259607e-05 2.576708881720313551e-04 4.647590597060232906e-03 -4.048800373731312879e-02 -1.393925647812413807e-03 4.323278221652801750e-04 3.662003658567149156e+00 3.175353406427445346e+00 3.354228135183786375e+00 -1.295663211725320285e-01 -5.999214328207352898e-01 -8.792807323208968739e-01 -4.117814216739982972e-04 1.586164884700188150e-04
-2.952645196383971420e-03 -4.102403556203029940e-03 9.902206825344654653e-06 -8.425930847239089473e-05 2.643518667736395340e-04 5.631967820636699096e-03 -4.299622596745705100e-02 -1.297689535542489135e-03 3.400546598219625371e-04 3.175353406427445346e+00 3.364393230980106786e+00 3.268165565261950345e+00 -1.643689191428351903e-01 -6.221704950169720805e-01 -8.958027252195114309e-01 -4.472365111253611639e-04 7.418989633660941772e-05
-3.063479295519316078e-03 -4.168809113077365930e-03 1.300673169034694966e-05 -8.608109796029752550e-05 2.723906705848369125e-04 5.606642505338797940e-03 -4.398504128051725082e-02 -1.336564122030190795e-03 3.212127838876717065e-04 3.354228135183786375e+00 3.268165565261950345e+00 3.371470163155538824e+00 -1.636254609354202416e-01 -6.186357938117587052e-01 -8.922868687792856468e-01 -4.419567761744340462e-04 8.588611531459191119e-05
2.499371498398122998e-05 1.170075024663742261e-04 -4.193377044280826471e-07 1.720284448254550273e-07 -7.053821273353041322e-06 -3.409276869684969911e-04 1.562327357134438415e-03 -2.647121430415113030e-05 -1.639803936259384359e-05 -1.295663211725320285e-01 -1.643689191428351903e-01 -1.636254609354202416e-01 3.248410817706236936e-02 3.493546671577534013e-02 6.586656951603926669e-02 7.041190482562726608e-05 9.871490345649925962e-05
3.518235221021963517e-04 6.605002780205130328e-04 -1.755579172487006479e-06 1.035565609337613735e-05 -3.926470229783242638e-05 -1.111040294586677088e-03 7.036564926121672767e-03 1.042601374900237415e-04 -4.636895146160349511e-05 -5.999214328207352898e-01 -6.221704950169720805e-01 -6.186357938117587052e-01 3.493546671577534013e-02 1.505975919909705307e-01 1.988871995915485469e-01 1.235615636973746718e-04 9.323429560711553625e-05
5.126585271317135335e-04 9.452230955978976803e-04 -2.173391946055767829e-06 1.458864151518297214e-05 -5.686022252348276845e-05 -1.670769377542590840e-03 1.055805274188011122e-02 1.506683084842795042e-04 -7.715385405090720956e-05 -8.792807323208969850e-01 -8.958027252195114309e-01 -8.922868687792854248e-01 6.586656951603926669e-02 1.988871995915485469e-01 3.123335655412319278e-01 1.950504475637934243e-04 1.539623422211058921e-04
-4.197054238735057130e-06 3.524193178763985067e-07 -3.348395173346288783e-09 -5.938703833159846977e-08 -8.175031727436613376e-08 -1.935791537260603519e-06 1.052049717314554749e-05 -2.071667746666819168e-06 -1.221128031207883307e-07 -4.117814216739982972e-04 -4.472365111253611097e-04 -4.419567761744339920e-04 7.041190482562726608e-05 1.235615636973746718e-04 1.950504475637934243e-04 1.350922828050704521e-05 4.760908971919323880e-06
-1.483410589427338113e-06 -1.843282826068064345e-06 4.136204674865183547e-08 -1.780523715180082740e-07 -2.724844452301158689e-07 -5.774180525182750851e-06 3.162628329495197576e-05 -1.575969151941555511e-06 1.647467797815990484e-07 1.586164884700188150e-04 7.418989633660941772e-05 8.588611531459192474e-05 9.871490345649925962e-05 9.323429560711556335e-05 1.539623422211058650e-04 4.760908971919323880e-06 1.427053754265668010e-05
