# logA n_s theta_s_100 omega_b omega_cdm w0_int wa_int tau_reio A_planck calib_100T calib_217T A_cib_217 xi_sz_cib A_sz ksz_norm gal545_A_100 gal545_A_143 gal545_A_143_217 gal545_A_217 ps_A_100_100 ps_A_143_143 ps_A_143_217 ps_A_217_217 galf_TE_A_100 galf_TE_A_100_143 galf_TE_A_100_217 galf_TE_A_143 galf_TE_A_143_217 galf_TE_A_217
1.568191566046535249e-04 8.482282776499654010e-06 1.492722198283938435e-07 2.602896301406427713e-07 -3.211716526121319378e-06 -7.015308913926024046e-05 3.148175051578609132e-04 8.034833514044691267e-05 1.943382544136847588e-06 8.395714020714612284e-08 -1.885141596844350047e-07 -1.528982321856667747e-03 6.734286847362555475e-05 1.412080585431204455e-04 -4.838389730321343020e-04 -7.031179389525404584e-05 -2.378337958146191301e-04 -3.712678818303764014e-04 3.290723516956857810e-04 -2.535747898410146712e-03 -2.993913706864908576e-03 -1.429067335585067341e-03 -5.391047896485418609e-04 4.299986701288533571e-07 -3.980161749578947521e-06 7.221166807489512172e-06 -1.456682547347114725e-05 -4.741806939389902753e-06 -6.270441663899557641e-05
8.482282776499654010e-06 1.505264223783157491e-05 1.654395776204236870e-07 1.828356711134288632e-07 -2.501029451883276286e-06 -5.125268301537484560e-05 3.691450565357967456e-04 7.796668152979117485e-06 1.472346208472418261e-07 -4.042095750596556020e-08 -8.387435974832408761e-08 -4.351102666423512649e-03 1.132006001303176334e-04 8.618263124799721260e-04 -1.985538138411207208e-03 3.074798247424889719e-04 -3.854224932268937457e-04 -4.162829968333423480e-04 9.437572825980780058e-04 -2.316150055690860410e-02 -6.803192078013361836e-03 1.311627161141271872e-03 4.483830380865088880e-03 -2.129217149299693106e-06 -5.240739552959951940e-07 6.932446818093804988e-07 -1.029048381153994901e-06 -5.613505819261783531e-07 -1.414601029575807112e-05
1.492722198283938435e-07 1.654395776204236870e-07 8.035914780779780112e-08 6.512093619522132377e-09 -3.004805750722645722e-08 -1.908298157401288628e-06 1.322629867117729485e-05 6.719080917731609503e-08 5.431102573802392177e-09 1.278842771077854631e-09 1.706060533659593527e-09 8.704107731474684470e-06 9.690922672375179602e-07 -4.073828945872238248e-06 1.232144936388323081e-05 1.720460870343967184e-06 -2.676770829342387548e-06 4.561217537059582874e-06 3.343227113182800738e-06 1.741576657972791319e-05 3.532810033293083132e-05 6.725525093419153082e-06 -3.026733609129859736e-05 -1.748269372110736927e-07 4.229646516900521795e-08 -2.627084236405786172e-07 1.283801479948534837e-08 -3.984707373555221948e-07 -1.447207295026836103e-06
2.602896301406427713e-07 1.828356711134288632e-07 6.512093619522132377e-09 1.935234119680166290e-08 -6.421881251022982434e-08 -1.462561833464929099e-06 1.107266616331436110e-05 1.579631050276175424e-07 6.765154918571014005e-09 3.479390907777425703e-09 -1.764335463750127914e-09 -6.959897700837359763e-05 1.852903352023316235e-06 1.672991342381819295e-05 -3.518285880512247868e-05 -3.149905110138595994e-06 -1.013230058414049816e-05 -1.083514652601669611e-05 2.549003745903417390e-06 -2.732367243072429241e-04 -1.780345524728233592e-04 -4.639983077669563411e-05 7.010890238934436190e-06 -3.537059522294074542e-08 -3.262879401401594126e-08 1.528153948721043106e-07 -1.785013994791709152e-07 -3.850520125637820754e-07 -1.867659270701235689e-06
-3.211716526121319378e-06 -2.501029451883276286e-06 -3.004805750722645722e-08 -6.421881251022982434e-08 9.927690938649037085e-07 2.107240562185345854e-05 -1.464030672354964951e-04 -2.508823181470631980e-06 -2.594277993918877315e-07 -1.641996203529347261e-08 1.519906643159736697e-08 2.839026307245265282e-04 -1.237145231800713296e-05 -8.334908077107655848e-05 1.193919285147246301e-04 -1.137025100062591788e-05 3.794253820183734170e-05 5.670888464045346786e-05 2.378212693089898548e-05 1.449895409996159075e-03 6.836430678186344433e-04 1.282121460207066837e-05 -1.948631976372738233e-04 -4.865365113650919102e-08 2.227261778662687070e-07 -6.185972448713849877e-07 3.734890463612011844e-07 7.341019246205431997e-07 6.378327581185004258e-06
-7.015308913926024046e-05 -5.125268301537484560e-05 -1.908298157401288628e-06 -1.462561833464929099e-06 2.107240562185345854e-05 3.312600739517832134e-03 -1.208120689188978657e-02 -5.199030267291082516e-05 -7.127151697707486532e-06 -4.545996518639941060e-07 2.108915287932387998e-07 3.739895939239753705e-03 -1.345292645324954221e-04 4.610700518258304537e-05 -8.508385989293357340e-04 -6.749668734264849344e-04 5.678175195732029448e-05 5.276287367214803001e-04 -6.896718200912626846e-05 2.397977880876199508e-02 1.095977240277357968e-02 7.021566530834376374e-03 2.429816571762250833e-03 1.491219487042838983e-05 5.678319357151824023e-06 9.100036048958827335e-06 2.798113968977675625e-05 7.612923043628822265e-06 8.482624788253729511e-05
3.148175051578608590e-04 3.691450565357967998e-04 1.322629867117729485e-05 1.107266616331435771e-05 -1.464030672354964951e-04 -1.208120689188978657e-02 5.435271174885107637e-02 2.886537948995028177e-04 3.408567451281509166e-05 2.937743390536401728e-06 -1.491763839591132080e-06 -3.456735139543291174e-02 1.470649178384302643e-03 9.296872021068979322e-03 -1.036094902564896510e-02 1.610493430045809244e-03 -3.545779066425574447e-03 -3.761300753756355482e-03 -1.909747504945743905e-03 -2.126550607351092026e-01 -9.875323839956208494e-02 -2.372692524869681949e-02 1.632414682688067753e-03 -1.763671316469283648e-05 -9.713293382084908865e-06 1.106026669283404439e-04 -1.596674426078400827e-04 -1.633236827492608493e-04 -4.427696462168648791e-04
8.034833514044691267e-05 7.796668152979117485e-06 6.719080917731609503e-08 1.579631050276175424e-07 -2.508823181470631980e-06 -5.199030267291082516e-05 2.886537948995027093e-04 4.749347725614840683e-05 -3.606204498987091853e-06 1.986092665389824627e-10 -1.119385728414486740e-07 -1.224325590646669444e-03 5.211005414241871896e-05 1.652493492433437068e-04 -2.074008374085700311e-04 8.375508229482187688e-05 7.265317834531298861e-05 -1.172109701421939935e-04 -4.953063672746690557e-04 -4.727544231386835230e-03 -3.007349534458802608e-03 -1.360380230452132213e-03 -1.916744298261318594e-03 2.935306952035256475e-07 -2.503837874792032156e-06 8.111637757818981794e-06 -7.610339692081559313e-06 -1.394838073966780972e-07 -3.200958546629793761e-05
1.943382544136847588e-06 1.472346208472418261e-07 5.431102573802392177e-09 6.765154918571014005e-09 -2.594277993918877315e-07 -7.127151697707486532e-06 3.408567451281509166e-05 -3.606204498987091853e-06 4.941849205630825603e-06 -6.886642792015180234e-09 6.967378427728180522e-09 8.547411738974955864e-04 -2.088953940536661128e-05 3.473628994181833084e-05 1.428991725451510611e-04 5.618368093936323233e-05 4.333087900271479279e-05 1.324373319939872934e-04 7.365318502429166669e-04 3.141667899891540088e-03 6.818865724746173357e-04 3.064063488565852957e-05 5.629826785010461033e-04 -1.760315904139705439e-08 5.918801804111479343e-08 -2.994422120633470805e-06 -5.752589378813020336e-07 -1.670242953813135295e-06 -2.755292405585770704e-07
8.395714020714612284e-08 -4.042095750596556020e-08 1.278842771077854631e-09 3.479390907777425703e-09 -1.641996203529347261e-08 -4.545996518639940001e-07 2.937743390536401728e-06 1.986092665389824627e-10 -6.886642792015180234e-09 3.775997603487001934e-07 1.987426844178726221e-09 -1.458654296549671901e-04 4.300225078268914802e-06 1.157089355891689606e-04 -8.190048601347426943e-05 1.860737989809587106e-04 -1.645330300548851130e-04 -7.411043870405380615e-07 6.763421635533980894e-05 3.629320469970146682e-03 3.448146017126955612e-05 3.962834681241914699e-04 3.716879435897183989e-04 1.442892032885280334e-07 -9.745047184190560903e-08 1.960782785010863148e-07 -2.703937141020118842e-07 -1.240758766007166188e-07 1.174967441620924199e-06
-1.885141596844350047e-07 -8.387435974832408761e-08 1.706060533659593527e-09 -1.764335463750127914e-09 1.519906643159736697e-08 2.108915287932389057e-07 -1.491763839591131656e-06 -1.119385728414486740e-07 6.967378427728180522e-09 1.987426844178726221e-09 3.911100035882870107e-07 7.084688699415115894e-04 -2.046522126680839386e-06 -3.867979876951082132e-05 7.633745899728812580e-06 -1.050322420977324083e-05 -5.449085931811556785e-05 3.943043743746840833e-04 9.134098080084207061e-04 4.630322399031442738e-04 8.155403847099918510e-05 -3.705975167982207162e-04 -1.310268595132566992e-03 3.118546207299905238e-07 4.382971535850587555e-08 -5.500652576607426106e-08 4.094835022734314296e-08 2.562108944454065609e-07 9.250566896903230175e-07
-1.528982321856667747e-03 -4.351102666423512649e-03 8.704107731474681082e-06 -6.959897700837359763e-05 2.839026307245265282e-04 3.739895939239753705e-03 -3.456735139543291868e-02 -1.224325590646669444e-03 8.547411738974956949e-04 -1.458654296549671901e-04 7.084688699415115894e-04 4.449630214382651161e+01 -3.551412579070434283e-01 -9.063021352634458294e-01 -1.048761807704940430e-01 2.063675476381478524e-01 4.930533848238484174e-01 -5.909096393471586772e+00 -3.348566018865518856e+01 3.510648675246800821e+01 1.732254310244740525e+00 -1.270598828051062057e+01 -5.525504153153508469e+01 3.940706240861483085e-03 -7.348534242344760461e-04 2.982104618151166283e-03 -7.057249999402484195e-03 1.173479093938427191e-03 1.047197189882269341e-02
6.734286847362556830e-05 1.132006001303176334e-04 9.690922672375177485e-07 1.852903352023316235e-06 -1.237145231800713296e-05 -1.345292645324955034e-04 1.470649178384302426e-03 5.211005414241871218e-05 -2.088953940536661128e-05 4.300225078268914802e-06 -2.046522126680838539e-06 -3.551412579070434283e-01 8.107890345003400390e-02 -3.347508623297879016e-02 4.006083947860274164e-02 -9.880360231169874399e-03 1.480785595506235036e-02 1.139675909487794236e-01 1.152783361400039341e-01 -5.855411377944615969e-01 9.017700734984654964e-01 1.695540338282522042e+00 5.825857601126397389e-01 4.879728628935177029e-05 9.753065994958706731e-05 -4.992874217521022688e-04 -1.566215610525258529e-04 -5.308794149438783133e-05 -1.183780116958848367e-03
1.412080585431203642e-04 8.618263124799722345e-04 -4.073828945872237401e-06 1.672991342381819295e-05 -8.334908077107655848e-05 4.610700518258259136e-05 9.296872021068977587e-03 1.652493492433437339e-04 3.473628994181833762e-05 1.157089355891689606e-04 -3.867979876951083487e-05 -9.063021352634456074e-01 -3.347508623297879016e-02 3.731100822950811580e+00 -2.461184247281199333e+00 -1.635451255790402458e-01 1.575450440388029560e-01 2.579702000879745327e+00 3.254504161531192263e+00 -3.027060448413623561e+01 -3.475109470991198268e+00 7.268133580387011961e+00 5.028107071622217816e+00 1.038465179677154149e-03 4.633923461828524693e-05 2.511107286353979427e-03 -8.572268774968816842e-04 -2.876123213406140810e-04 -1.276026724911700008e-02
-4.838389730321347357e-04 -1.985538138411207208e-03 1.232144936388322912e-05 -3.518285880512247868e-05 1.193919285147246301e-04 -8.508385989293361677e-04 -1.036094902564896336e-02 -2.074008374085700582e-04 1.428991725451510882e-04 -8.190048601347425588e-05 7.633745899728812580e-06 -1.048761807704940568e-01 4.006083947860274164e-02 -2.461184247281199333e+00 5.333628136754553495e+00 5.366436701926105557e-02 -1.926119751621200582e-01 -1.895528662418904275e+00 -2.122368548227312690e+00 1.198402147143026220e+01 -4.428148160388506227e+00 -1.076720599976576409e+01 -8.390766302747822536e+00 -1.095820650795593801e-03 2.182012957281815604e-04 -3.563478365236803173e-03 -3.861414861024685548e-04 -2.478728421167793595e-04 5.777503308169742134e-03
-7.031179389525403229e-05 3.074798247424889719e-04 1.720460870343967819e-06 -3.149905110138596418e-06 -1.137025100062592297e-05 -6.749668734264850428e-04 1.610493430045809027e-03 8.375508229482187688e-05 5.618368093936321878e-05 1.860737989809587106e-04 -1.050322420977323745e-05 2.063675476381478524e-01 -9.880360231169872665e-03 -1.635451255790402458e-01 5.366436701926106945e-02 3.371027249767649003e+00 5.760640569099294561e-01 1.844529187835445838e-01 1.081149331273445618e-01 -6.805971419531814171e+00 -4.184390651148886531e-01 -7.729090014759496530e-01 -5.384936628201395514e-01 -4.668597238287767255e-05 -2.426282362557059322e-05 2.381992986758662667e-04 -4.402142716111084658e-04 -2.012980896268446330e-03 -4.453780730083438215e-03
-2.378337958146191301e-04 -3.854224932268936372e-04 -2.676770829342386701e-06 -1.013230058414049647e-05 3.794253820183734848e-05 5.678175195732007086e-05 -3.545779066425572713e-03 7.265317834531294795e-05 4.333087900271478601e-05 -1.645330300548851130e-04 -5.449085931811556785e-05 4.930533848238484174e-01 1.480785595506235730e-02 1.575450440388029283e-01 -1.926119751621200582e-01 5.760640569099294561e-01 3.119695582010824531e+00 2.677418361172028138e+00 2.704616312480004670e+00 5.174220853239699380e+00 -1.291942713450724423e+00 -6.235478372046969753e-01 -1.272006973008989128e+00 5.311403366144206231e-04 -9.795927182741541797e-04 1.618719984023995822e-04 -7.190772438987860825e-04 -3.514675729400243095e-04 1.743292234522894396e-03
-3.712678818303762930e-04 -4.162829968333423480e-04 4.561217537059581180e-06 -1.083514652601669611e-05 5.670888464045346786e-05 5.276287367214803001e-04 -3.761300753756353747e-03 -1.172109701421939935e-04 1.324373319939873206e-04 -7.411043870405404967e-07 3.943043743746840833e-04 -5.909096393471586772e+00 1.139675909487794375e-01 2.579702000879745327e+00 -1.895528662418904275e+00 1.844529187835445838e-01 2.677418361172028138e+00 1.066999218364009216e+01 1.912280904857462360e+01 -1.286881795687213526e+01 2.830815768293469592e+00 4.491764761616323653e+00 5.204693768616857952e+00 9.891850419270749404e-04 -9.751991824569367648e-04 1.159404851633441286e-04 -2.121193329759584606e-03 -1.003762914876116762e-03 9.882409923110572342e-03
3.290723516956857810e-04 9.437572825980782227e-04 3.343227113182800738e-06 2.549003745903417390e-06 2.378212693089898548e-05 -6.896718200912626846e-05 -1.909747504945742171e-03 -4.953063672746690557e-04 7.365318502429166669e-04 6.763421635533980894e-05 9.134098080084207061e-04 -3.348566018865518856e+01 1.152783361400039480e-01 3.254504161531191819e+00 -2.122368548227312690e+00 1.081149331273445341e-01 2.704616312480004670e+00 1.912280904857462360e+01 5.356118440093442956e+01 -2.468462755394945418e+01 3.288445399403729930e+00 7.278216431213689219e+00 3.338447480618564356e+01 -1.466143604287601125e-03 -2.137114013424231199e-03 -2.286655649046745020e-03 1.338994448320389311e-03 -1.185992922754621273e-03 2.013930038763341382e-02
-2.535747898410147146e-03 -2.316150055690860410e-02 1.741576657972791319e-05 -2.732367243072429241e-04 1.449895409996159075e-03 2.397977880876199508e-02 -2.126550607351092581e-01 -4.727544231386835230e-03 3.141667899891540088e-03 3.629320469970146682e-03 4.630322399031441653e-04 3.510648675246800821e+01 -5.855411377944617080e-01 -3.027060448413623561e+01 1.198402147143026220e+01 -6.805971419531814171e+00 5.174220853239699380e+00 -1.286881795687213526e+01 -2.468462755394945418e+01 7.810405425992212258e+02 6.959491135791402883e+01 -5.360705593291402948e+01 -5.838910090581655510e+01 -4.036435604083955277e-03 -8.047212715596760435e-03 3.288853314979638294e-03 -8.041190261793205313e-03 2.314089995942764100e-02 1.940601793542375275e-01
-2.993913706864908576e-03 -6.803192078013361836e-03 3.532810033293083132e-05 -1.780345524728233592e-04 6.836430678186343349e-04 1.095977240277357968e-02 -9.875323839956207106e-02 -3.007349534458802608e-03 6.818865724746173357e-04 3.448146017126955612e-05 8.155403847099917155e-05 1.732254310244740303e+00 9.017700734984656075e-01 -3.475109470991198268e+00 -4.428148160388506227e+00 -4.184390651148887641e-01 -1.291942713450724423e+00 2.830815768293469592e+00 3.288445399403729930e+00 6.959491135791402883e+01 6.001913622447792562e+01 3.878384109261956780e+01 1.415272732930913513e+01 2.732147009233006595e-03 7.915419744941249239e-04 -1.825672246345445534e-03 -1.056651812980496322e-03 5.666242558418933643e-03 2.570080834490740332e-02
-1.429067335585067992e-03 1.311627161141271872e-03 6.725525093419151388e-06 -4.639983077669563411e-05 1.282121460207066667e-05 7.021566530834377241e-03 -2.372692524869682643e-02 -1.360380230452132213e-03 3.064063488565859055e-05 3.962834681241914699e-04 -3.705975167982207704e-04 -1.270598828051062235e+01 1.695540338282522042e+00 7.268133580387011072e+00 -1.076720599976576409e+01 -7.729090014759496530e-01 -6.235478372046970863e-01 4.491764761616323653e+00 7.278216431213688331e+00 -5.360705593291402948e+01 3.878384109261956780e+01 8.324509187307540969e+01 5.087851544319179453e+01 6.076030647058045658e-03 2.610043557724819711e-03 -2.908681208257365113e-03 1.598515857256811550e-03 3.812385558088611081e-03 -3.792944191783461511e-02
-5.391047896485420777e-04 4.483830380865088880e-03 -3.026733609129859736e-05 7.010890238934437037e-06 -1.948631976372738233e-04 2.429816571762252568e-03 1.632414682688065367e-03 -1.916744298261319028e-03 5.629826785010462117e-04 3.716879435897183989e-04 -1.310268595132566992e-03 -5.525504153153508469e+01 5.825857601126397389e-01 5.028107071622217816e+00 -8.390766302747822536e+00 -5.384936628201397735e-01 -1.272006973008989128e+00 5.204693768616857952e+00 3.338447480618564356e+01 -5.838910090581655510e+01 1.415272732930913513e+01 5.087851544319179453e+01 1.029702671992632617e+02 -1.287657122701824281e-04 3.285538216717502191e-03 1.372235424450074775e-03 1.419102212692494036e-02 1.487545233664764027e-03 -2.210539721148666731e-02
4.299986701288541512e-07 -2.129217149299693106e-06 -1.748269372110736398e-07 -3.537059522294075204e-08 -4.865365113650935646e-08 1.491219487042838983e-05 -1.763671316469281954e-05 2.935306952035248534e-07 -1.760315904139687903e-08 1.442892032885279010e-07 3.118546207299905767e-07 3.940706240861483085e-03 4.879728628935176352e-05 1.038465179677155016e-03 -1.095820650795594018e-03 -4.668597238287761834e-05 5.311403366144207315e-04 9.891850419270747236e-04 -1.466143604287600257e-03 -4.036435604083957879e-03 2.732147009233005727e-03 6.076030647058047393e-03 -1.287657122701800158e-04 1.481904674956525817e-03 2.813716020523509935e-04 8.467211121250668401e-05 -3.846791714320111862e-04 -8.365382180325389965e-05 -1.001273681990501460e-05
-3.980161749578946674e-06 -5.240739552959948764e-07 4.229646516900526427e-08 -3.262879401401595449e-08 2.227261778662687864e-07 5.678319357151815552e-06 -9.713293382084876678e-06 -2.503837874792032156e-06 5.918801804111486622e-08 -9.745047184190570167e-08 4.382971535850592849e-08 -7.348534242344757208e-04 9.753065994958714862e-05 4.633923461828537568e-05 2.182012957281813435e-04 -2.426282362557059322e-05 -9.795927182741541797e-04 -9.751991824569363311e-04 -2.137114013424231199e-03 -8.047212715596760435e-03 7.915419744941243818e-04 2.610043557724818844e-03 3.285538216717501757e-03 2.813716020523509393e-04 8.771189127322058694e-04 4.182165991672926532e-06 7.372509693195864605e-04 4.351816130522634336e-05 -7.186098892870022630e-04
7.221166807489504549e-06 6.932446818093814517e-07 -2.627084236405786172e-07 1.528153948721043636e-07 -6.185972448713855171e-07 9.100036048958839194e-06 1.106026669283404303e-04 8.111637757818981794e-06 -2.994422120633471228e-06 1.960782785010865001e-07 -5.500652576607440664e-08 2.982104618151168451e-03 -4.992874217521022688e-04 2.511107286353978559e-03 -3.563478365236803606e-03 2.381992986758665106e-04 1.618719984023997990e-04 1.159404851633427056e-04 -2.286655649046744586e-03 3.288853314979643932e-03 -1.825672246345445967e-03 -2.908681208257365980e-03 1.372235424450074992e-03 8.467211121250667045e-05 4.182165991672926532e-06 7.341504666209845535e-03 -2.846621387911287427e-04 7.121950674914144692e-04 4.655131792229687954e-03
-1.456682547347114725e-05 -1.029048381153993842e-06 1.283801479948532356e-08 -1.785013994791709417e-07 3.734890463612012903e-07 2.798113968977674948e-05 -1.596674426078400284e-04 -7.610339692081559313e-06 -5.752589378813020336e-07 -2.703937141020118842e-07 4.094835022734329516e-08 -7.057249999402485929e-03 -1.566215610525259342e-04 -8.572268774968817926e-04 -3.861414861024689343e-04 -4.402142716111082489e-04 -7.190772438987858657e-04 -2.121193329759584172e-03 1.338994448320391046e-03 -8.041190261793205313e-03 -1.056651812980494371e-03 1.598515857256809815e-03 1.419102212692493689e-02 -3.846791714320111862e-04 7.372509693195864605e-04 -2.846621387911287969e-04 2.891407632252563156e-03 4.798266193565512718e-04 -1.113645633895918091e-03
-4.741806939389904447e-06 -5.613505819261774002e-07 -3.984707373555221948e-07 -3.850520125637820754e-07 7.341019246205431997e-07 7.612923043628814642e-06 -1.633236827492606054e-04 -1.394838073966773031e-07 -1.670242953813134448e-06 -1.240758766007166188e-07 2.562108944454065609e-07 1.173479093938425890e-03 -5.308794149438793975e-05 -2.876123213406135931e-04 -2.478728421167789259e-04 -2.012980896268446764e-03 -3.514675729400249600e-04 -1.003762914876117195e-03 -1.185992922754619755e-03 2.314089995942763406e-02 5.666242558418937980e-03 3.812385558088611081e-03 1.487545233664764027e-03 -8.365382180325388610e-05 4.351816130522634336e-05 7.121950674914144692e-04 4.798266193565512718e-04 6.411030893607333817e-03 7.914944441938112987e-03
-6.270441663899557641e-05 -1.414601029575807282e-05 -1.447207295026835891e-06 -1.867659270701236113e-06 6.378327581185005105e-06 8.482624788253726800e-05 -4.427696462168649876e-04 -3.200958546629795116e-05 -2.755292405585770704e-07 1.174967441620924199e-06 9.250566896903230175e-07 1.047197189882269341e-02 -1.183780116958848150e-03 -1.276026724911699661e-02 5.777503308169740399e-03 -4.453780730083437348e-03 1.743292234522894396e-03 9.882409923110574076e-03 2.013930038763341729e-02 1.940601793542375553e-01 2.570080834490741026e-02 -3.792944191783460817e-02 -2.210539721148666731e-02 -1.001273681990506203e-05 -7.186098892870022630e-04 4.655131792229687954e-03 -1.113645633895918091e-03 7.914944441938112987e-03 7.320697600158170004e-02
