# logA n_s theta_s_100 omega_b omega_cdm w0_int wa_int tau_reio A_planck amp_143 amp_217 amp_143x217 n_143 n_217 n_143x217 calTE calEE
1.582159397707009444e-04 1.215124429187218692e-05 3.220952171073724041e-07 4.346378298023440637e-07 -4.209929889813003001e-06 -6.581326306635623007e-05 5.793135750730859677e-04 8.060109508062320764e-05 3.085795481505567049e-06 -3.258282504213240102e-03 -3.155064388505727548e-03 -3.264336430838408847e-03 1.896227152617409233e-05 4.180912823476967558e-04 6.527280018442903342e-04 -4.675698424662878006e-06 -1.904469663138718481e-06
1.215124429187218692e-05 1.303177265537638747e-05 1.261476030739568966e-07 1.742262690582858832e-07 -1.767261370705975549e-06 -3.846257036192714062e-05 2.721586228351369186e-04 7.934099557253878606e-06 4.764589013718667371e-07 -4.278110170581904403e-03 -4.141130117210709699e-03 -4.202121572216836916e-03 1.234576197224451213e-04 6.637827559681383710e-04 9.419353629503857562e-04 5.952732687554424562e-09 -1.739882957698768478e-06
3.220952171073724041e-07 1.261476030739568966e-07 5.608750820994084263e-08 3.431792220325470508e-09 -2.252481946947431090e-08 -1.275144905423292037e-06 9.134929630673358690e-06 1.333481459344497192e-07 2.806409288441576228e-08 1.219943173643060229e-05 8.873500994229120554e-06 7.799531405493156057e-06 2.841808789568886235e-07 -1.057213417489893029e-06 -1.880690923055717246e-06 -6.827846882388921090e-09 5.865022279667211075e-08
4.346378298023440637e-07 1.742262690582858832e-07 3.431792220325470508e-09 1.767090668568439037e-08 -5.106673116677553329e-08 -1.111639978178436430e-06 8.787963635909375296e-06 2.249528120426859034e-07 1.394312571270060545e-08 -9.751941194482909134e-05 -9.498773870020810293e-05 -9.681402982560586418e-05 1.440340984715724009e-06 1.215024458211939637e-05 1.751763934075758688e-05 -5.814636478588695590e-08 -1.708231162780099951e-07
-4.209929889813003001e-06 -1.767261370705975549e-06 -2.252481946947431090e-08 -5.106673116677553329e-08 7.253778010244843524e-07 1.561802787683615971e-05 -1.088090370153929425e-04 -2.509586113639211716e-06 -3.651174079973884889e-07 3.277703908236944395e-04 3.143825675264173402e-04 3.206404645651968243e-04 -6.882615684124144224e-06 -4.465041513632324739e-05 -6.505363900057466447e-05 -1.866673442537729474e-08 -2.811045456848559614e-07
-6.581326306635623007e-05 -3.846257036192714062e-05 -1.275144905423292037e-06 -1.111639978178436430e-06 1.561802787683615971e-05 3.263377549291802179e-03 -1.177554466994676884e-02 -3.996302612066655982e-05 -9.920938370562183621e-06 3.748687248522333468e-03 4.730178275426040295e-03 4.574627808075440276e-03 1.137842554616255950e-05 -3.729211326805821950e-04 -4.385315870923315977e-04 2.912533250340116106e-06 -8.588620850492479627e-06
5.793135750730859677e-04 2.721586228351369186e-04 9.134929630673358690e-06 8.787963635909373602e-06 -1.088090370153929425e-04 -1.177554466994676884e-02 5.165522660504847513e-02 3.366632059404700388e-04 6.635832088041444723e-05 -4.098358126041599936e-02 -4.330283289108607242e-02 -4.352603021017181079e-02 5.632584850518682117e-04 4.984126819693000289e-03 7.002376158086343755e-03 -1.404432999030416539e-05 4.044350183343243334e-05
8.060109508062320764e-05 7.934099557253878606e-06 1.333481459344497192e-07 2.249528120426859034e-07 -2.509586113639211716e-06 -3.996302612066655305e-05 3.366632059404700388e-04 4.670953716747875447e-05 -2.911821783507903130e-06 -1.527151812487550142e-03 -1.388455772349175095e-03 -1.412177182804504093e-03 -3.619930428883036280e-05 1.317308795455830544e-04 2.180994850968717431e-04 -2.444275863911894755e-06 -1.772541054652341604e-06
3.085795481505567049e-06 4.764589013718667371e-07 2.806409288441576228e-08 1.394312571270060545e-08 -3.651174079973884889e-07 -9.920938370562183621e-06 6.635832088041444723e-05 -2.911821783507903130e-06 5.011917197477499417e-06 4.716268758370704040e-04 3.860619032039088426e-04 3.662713913063643631e-04 -1.910775372970441844e-05 -5.441763332827805668e-05 -8.614727854871962636e-05 -9.831812985526199022e-08 6.400469468102851671e-08
-3.258282504213240102e-03 -4.278110170581904403e-03 1.219943173643060229e-05 -9.751941194482909134e-05 3.277703908236944395e-04 3.748687248522333468e-03 -4.098358126041600630e-02 -1.527151812487550142e-03 4.716268758370704040e-04 3.893142248524204430e+00 3.405867198236169902e+00 3.581614136023474337e+00 -1.524385410396860707e-01 -6.382840228543249506e-01 -9.274648857185682216e-01 -4.307642657372826402e-04 -2.144216047299751264e-05
-3.155064388505727548e-03 -4.141130117210709699e-03 8.873500994229120554e-06 -9.498773870020810293e-05 3.143825675264173402e-04 4.730178275426039428e-03 -4.330283289108607242e-02 -1.388455772349175095e-03 3.860619032039088426e-04 3.405867198236169902e+00 3.562129554471458626e+00 3.475318420277996090e+00 -1.837472307190241294e-01 -6.515684023208093700e-01 -9.357398256474487308e-01 -4.177092928247431807e-04 -2.937064432178416087e-05
-3.264336430838408847e-03 -4.202121572216836916e-03 7.799531405493156057e-06 -9.681402982560587773e-05 3.206404645651968243e-04 4.574627808075441143e-03 -4.352603021017181079e-02 -1.412177182804504093e-03 3.662713913063643631e-04 3.581614136023474337e+00 3.475318420277996090e+00 3.583223728815517095e+00 -1.841432135889306543e-01 -6.507906154763967166e-01 -9.337797494089857819e-01 -4.306301904666077519e-04 -3.314321834922452908e-05
1.896227152617408894e-05 1.234576197224451213e-04 2.841808789568886235e-07 1.440340984715724009e-06 -6.882615684124144224e-06 1.137842554616257305e-05 5.632584850518683201e-04 -3.619930428883036280e-05 -1.910775372970441844e-05 -1.524385410396860707e-01 -1.837472307190241294e-01 -1.841432135889306820e-01 3.261112026297490613e-02 3.735797653842109350e-02 6.835061613380209733e-02 7.003778369105880517e-05 9.167600318721194977e-05
4.180912823476968100e-04 6.637827559681383710e-04 -1.057213417489892393e-06 1.215024458211939637e-05 -4.465041513632324739e-05 -3.729211326805822492e-04 4.984126819693000289e-03 1.317308795455831357e-04 -5.441763332827805668e-05 -6.382840228543249506e-01 -6.515684023208093700e-01 -6.507906154763967166e-01 3.735797653842109350e-02 1.536336826239594333e-01 2.034904418593669051e-01 1.327068832531106649e-04 1.025532269998793213e-04
6.527280018442903342e-04 9.419353629503857562e-04 -1.880690923055718093e-06 1.751763934075758688e-05 -6.505363900057466447e-05 -4.385315870923315435e-04 7.002376158086343755e-03 2.180994850968717431e-04 -8.614727854871963991e-05 -9.274648857185682216e-01 -9.357398256474487308e-01 -9.337797494089858930e-01 6.835061613380208345e-02 2.034904418593669051e-01 3.174293301538225198e-01 2.001950444203922947e-04 1.616046862592650517e-04
-4.675698424662878006e-06 5.952732687554424562e-09 -6.827846882388921090e-09 -5.814636478588695590e-08 -1.866673442537729474e-08 2.912533250340116106e-06 -1.404432999030416539e-05 -2.444275863911894755e-06 -9.831812985526199022e-08 -4.307642657372826402e-04 -4.177092928247431807e-04 -4.306301904666077519e-04 7.003778369105880517e-05 1.327068832531106649e-04 2.001950444203922405e-04 1.274182241220101882e-05 4.493446051509490650e-06
-1.904469663138718481e-06 -1.739882957698768478e-06 5.865022279667211075e-08 -1.708231162780099951e-07 -2.811045456848559614e-07 -8.588620850492479627e-06 4.044350183343243334e-05 -1.772541054652341604e-06 6.400469468102851671e-08 -2.144216047299749231e-05 -2.937064432178416087e-05 -3.314321834922450875e-05 9.167600318721194977e-05 1.025532269998793078e-04 1.616046862592651059e-04 4.493446051509490650e-06 1.401877867270654667e-05
